time,channel_1
0.0,61.0
0.005760036864235931,42.0
0.011520073728471861,23.0
0.01728011059270779,-1.0
0.023040147456943723,-23.0
0.028800184321179652,-49.0
0.03456022118541558,-64.0
0.04032025804965152,-72.0
0.046080294913887446,-60.0
0.051840331778123375,-40.0
0.057600368642359304,-16.0
0.06336040550659523,6.0
0.06912044237083116,21.0
0.0748804792350671,31.0
0.08064051609930303,13.0
0.08640055296353896,-59.0
0.09216058982777489,-179.0
0.09792062669201082,-285.0
0.10368066355624675,-338.0
0.10944070042048268,-312.0
0.11520073728471861,-249.0
0.12096077414895455,-157.0
0.12672081101319047,-82.0
0.1324808478774264,-9.0
0.13824088474166232,60.0
0.14400092160589828,124.0
0.1497609584701342,150.0
0.15552099533437014,168.0
0.16128103219860607,170.0
0.167041069062842,169.0
0.17280110592707792,168.0
0.17856114279131385,171.0
0.18432117965554978,187.0
0.1900812165197857,200.0
0.19584125338402164,212.0
0.20160129024825757,221.0
0.2073613271124935,227.0
0.21312136397672943,244.0
0.21888140084096536,257.0
0.22464143770520129,251.0
0.23040147456943721,234.0
0.23616151143367314,195.0
0.2419215482979091,161.0
0.24768158516214503,116.0
0.25344162202638093,82.0
0.25920165889061686,59.0
0.2649616957548528,57.0
0.2707217326190887,63.0
0.27648176948332465,78.0
0.2822418063475606,91.0
0.28800184321179656,95.0
0.2937618800760325,92.0
0.2995219169402684,90.0
0.30528195380450435,81.0
0.3110419906687403,74.0
0.3168020275329762,62.0
0.32256206439721213,56.0
0.32832210126144806,49.0
0.334082138125684,40.0
0.3398421749899199,30.0
0.34560221185415585,19.0
0.3513622487183918,-3.0
0.3571222855826277,-27.0
0.36288232244686364,-52.0
0.36864235931109957,-71.0
0.3744023961753355,-86.0
0.3801624330395714,-86.0
0.38592246990380735,-81.0
0.3916825067680433,-59.0
0.3974425436322792,-34.0
0.40320258049651514,-7.0
0.40896261736075107,14.0
0.414722654224987,23.0
0.4204826910892229,11.0
0.42624272795345886,-32.0
0.4320027648176948,-125.0
0.4377628016819307,-233.0
0.44352283854616664,-302.0
0.44928287541040257,-326.0
0.4550429122746385,-281.0
0.46080294913887443,-212.0
0.46656298600311036,-138.0
0.4723230228673463,-78.0
0.47808305973158227,-14.0
0.4838430965958182,55.0
0.48960313346005413,104.0
0.49536317032429006,139.0
0.501123207188526,149.0
0.5068832440527619,125.0
0.5126432809169978,118.0
0.5184033177812337,85.0
0.5241633546454697,86.0
0.5299233915097056,77.0
0.5356834283739416,93.0
0.5414434652381774,93.0
0.5472035021024134,119.0
0.5529635389666493,145.0
0.5587235758308853,164.0
0.5644836126951212,178.0
0.5702436495593571,173.0
0.5760036864235931,167.0
0.581763723287829,137.0
0.587523760152065,113.0
0.5932837970163009,86.0
0.5990438338805368,61.0
0.6048038707447727,55.0
0.6105639076090087,69.0
0.6163239444732446,81.0
0.6220839813374806,93.0
0.6278440182017164,92.0
0.6336040550659524,90.0
0.6393640919301883,81.0
0.6451241287944243,67.0
0.6508841656586601,55.0
0.6566442025228961,41.0
0.662404239387132,32.0
0.668164276251368,27.0
0.6739243131156039,18.0
0.6796843499798398,5.0
0.6854443868440757,-3.0
0.6912044237083117,-17.0
0.6969644605725476,-33.0
0.7027244974367836,-51.0
0.7084845343010194,-72.0
0.7142445711652554,-94.0
0.7200046080294913,-109.0
0.7257646448937273,-110.0
0.7315246817579631,-108.0
0.7372847186221991,-85.0
0.743044755486435,-54.0
0.748804792350671,-18.0
0.7545648292149069,7.0
0.7603248660791428,23.0
0.7660849029433788,17.0
0.7718449398076147,-18.0
0.7776049766718507,-91.0
0.7833650135360866,-196.0
0.7891250504003225,-268.0
0.7948850872645584,-309.0
0.8006451241287944,-298.0
0.8064051609930303,-249.0
0.8121651978572663,-194.0
0.8179252347215021,-125.0
0.8236852715857381,-73.0
0.829445308449974,-20.0
0.83520534531421,14.0
0.8409653821784459,34.0
0.8467254190426818,55.0
0.8524854559069177,66.0
0.8582454927711537,70.0
0.8640055296353896,78.0
0.8697655664996256,95.0
0.8755256033638614,113.0
0.8812856402280974,128.0
0.8870456770923333,145.0
0.8928057139565693,156.0
0.8985657508208051,172.0
0.9043257876850411,180.0
0.910085824549277,175.0
0.915845861413513,157.0
0.9216058982777489,130.0
0.9273659351419848,78.0
0.9331259720062207,19.0
0.9388860088704567,-39.0
0.9446460457346926,-60.0
0.9504060825989286,-46.0
0.9561661194631645,-18.0
0.9619261563274004,10.0
0.9676861931916364,34.0
0.9734462300558723,59.0
0.9792062669201083,70.0
0.9849663037843441,77.0
0.9907263406485801,78.0
0.996486377512816,79.0
1.002246414377052,85.0
1.0080064512412878,82.0
1.0137664881055237,76.0
1.0195265249697598,63.0
1.0252865618339957,53.0
1.0310465986982316,45.0
1.0368066355624674,37.0
1.0425666724267035,24.0
1.0483267092909394,16.0
1.0540867461551753,2.0
1.0598467830194112,-12.0
1.0656068198836472,-28.0
1.0713668567478831,-44.0
1.077126893612119,-59.0
1.0828869304763549,-66.0
1.088646967340591,-73.0
1.0944070042048268,-81.0
1.1001670410690627,-87.0
1.1059270779332986,-89.0
1.1116871147975347,-89.0
1.1174471516617706,-95.0
1.1232071885260064,-98.0
1.1289672253902423,-98.0
1.1347272622544784,-103.0
1.1404872991187143,-103.0
1.1462473359829501,-97.0
1.1520073728471862,-93.0
1.1577674097114221,-87.0
1.163527446575658,-83.0
1.1692874834398939,-73.0
1.17504752030413,-66.0
1.1808075571683658,-65.0
1.1865675940326017,-63.0
1.1923276308968376,-61.0
1.1980876677610737,-60.0
1.2038477046253095,-50.0
1.2096077414895454,-39.0
1.2153677783537813,-25.0
1.2211278152180174,-4.0
1.2268878520822533,17.0
1.2326478889464891,44.0
1.238407925810725,69.0
1.244167962674961,92.0
1.249927999539197,108.0
1.2556880364034329,113.0
1.2614480732676687,101.0
1.2672081101319048,35.0
1.2729681469961407,-64.0
1.2787281838603766,-190.0
1.2844882207246124,-285.0
1.2902482575888485,-300.0
1.2960082944530844,-281.0
1.3017683313173203,-221.0
1.3075283681815562,-153.0
1.3132884050457923,-86.0
1.3190484419100281,-18.0
1.324808478774264,45.0
1.3305685156384999,100.0
1.336328552502736,139.0
1.3420885893669718,162.0
1.3478486262312077,187.0
1.3536086630954438,216.0
1.3593686999596797,234.0
1.3651287368239156,235.0
1.3708887736881514,227.0
1.3766488105523875,209.0
1.3824088474166234,189.0
1.3881688842808593,167.0
1.3939289211450951,147.0
1.3996889580093312,136.0
1.4054489948735671,144.0
1.411209031737803,161.0
1.4169690686020389,179.0
1.422729105466275,197.0
1.4284891423305108,219.0
1.4342491791947467,232.0
1.4400092160589826,226.0
1.4457692529232187,210.0
1.4515292897874545,159.0
1.4572893266516904,106.0
1.4630493635159263,59.0
1.4688094003801624,38.0
1.4745694372443983,52.0
1.4803294741086341,82.0
1.48608951097287,114.0
1.491849547837106,138.0
1.497609584701342,153.0
1.5033696215655779,177.0
1.5091296584298137,187.0
1.5148896952940498,200.0
1.5206497321582857,205.0
1.5264097690225216,218.0
1.5321698058867577,204.0
1.5379298427509935,177.0
1.5436898796152294,109.0
1.5494499164794653,38.0
1.5552099533437014,-23.0
1.5609699902079373,-55.0
1.5667300270721731,-41.0
1.572490063936409,-5.0
1.578250100800645,35.0
1.584010137664881,61.0
1.5897701745291168,85.0
1.5955302113933527,107.0
1.6012902482575888,130.0
1.6070502851218247,144.0
1.6128103219860606,141.0
1.6185703588502964,103.0
1.6243303957145325,58.0
1.6300904325787684,21.0
1.6358504694430043,-9.0
1.6416105063072401,-8.0
1.6473705431714762,4.0
1.6531305800357121,19.0
1.658890616899948,29.0
1.6646506537641839,35.0
1.67041069062842,37.0
1.6761707274926558,37.0
1.6819307643568917,30.0
1.6876908012211276,24.0
1.6934508380853637,18.0
1.6992108749495995,8.0
1.7049709118138354,6.0
1.7107309486780713,3.0
1.7164909855423074,-6.0
1.7222510224065433,-11.0
1.7280110592707791,-18.0
1.7337710961350152,-29.0
1.739531132999251,-49.0
1.745291169863487,-68.0
1.7510512067277229,-96.0
1.756811243591959,-123.0
1.7625712804561948,-134.0
1.7683313173204307,-136.0
1.7740913541846666,-111.0
1.7798513910489027,-71.0
1.7856114279131385,-30.0
1.7913714647773744,-11.0
1.7971315016416103,-12.0
1.8028915385058464,-14.0
1.8086515753700823,-40.0
1.8144116122343181,-113.0
1.820171649098554,-235.0
1.82593168596279,-341.0
1.831691722827026,-383.0
1.8374517596912618,-363.0
1.8432117965554977,-297.0
1.8489718334197338,-220.0
1.8547318702839697,-133.0
1.8604919071482056,-58.0
1.8662519440124414,16.0
1.8720119808766775,63.0
1.8777720177409134,97.0
1.8835320546051493,117.0
1.8892920914693851,138.0
1.8950521283336212,148.0
1.9008121651978571,154.0
1.906572202062093,159.0
1.912332238926329,165.0
1.918092275790565,167.0
1.9238523126548008,177.0
1.9296123495190367,181.0
1.9353723863832728,177.0
1.9411324232475087,177.0
1.9468924601117445,181.0
1.9526524969759804,160.0
1.9584125338402165,133.0
1.9641725707044524,58.0
1.9699326075686883,-14.0
1.9756926444329241,-75.0
1.9814526812971602,-96.0
1.987212718161396,-73.0
1.992972755025632,-26.0
1.9987327918898679,28.0
2.004492828754104,67.0
2.0102528656183396,99.0
2.0160129024825757,110.0
2.021772939346812,136.0
2.0275329762110474,150.0
2.0332930130752835,168.0
2.0390530499395196,137.0
2.0448130868037553,104.0
2.0505731236679914,57.0
2.056333160532227,21.0
2.062093197396463,1.0
2.0678532342606992,9.0
2.073613271124935,34.0
2.079373307989171,57.0
2.085133344853407,82.0
2.0908933817176427,110.0
2.096653418581879,136.0
2.102413455446115,140.0
2.1081734923103506,135.0
2.1139335291745867,127.0
2.1196935660388223,129.0
2.1254536029030584,122.0
2.1312136397672945,81.0
2.13697367663153,-10.0
2.1427337134957662,-85.0
2.1484937503600023,-134.0
2.154253787224238,-128.0
2.160013824088474,-90.0
2.1657738609527097,-45.0
2.171533897816946,-4.0
2.177293934681182,36.0
2.1830539715454176,64.0
2.1888140084096537,87.0
2.1945740452738898,98.0
2.2003340821381254,110.0
2.2060941190023615,115.0
2.211854155866597,99.0
2.2176141927308333,60.0
2.2233742295950694,8.0
2.229134266459305,-39.0
2.234894303323541,-64.0
2.240654340187777,-57.0
2.246414377052013,-26.0
2.252174413916249,-9.0
2.2579344507804846,3.0
2.2636944876447207,5.0
2.269454524508957,7.0
2.2752145613731924,12.0
2.2809745982374285,10.0
2.2867346351016646,5.0
2.2924946719659003,-4.0
2.2982547088301364,-14.0
2.3040147456943725,-24.0
2.309774782558608,-29.0
2.3155348194228442,-31.0
2.32129485628708,-36.0
2.327054893151316,-44.0
2.332814930015552,-56.0
2.3385749668797877,-73.0
2.344335003744024,-81.0
2.35009504060826,-78.0
2.3558550774724956,-72.0
2.3616151143367317,-62.0
2.3673751512009673,-28.0
2.3731351880652034,2.0
2.3788952249294395,16.0
2.384655261793675,17.0
2.3904152986579112,8.0
2.3961753355221473,4.0
2.401935372386383,-11.0
2.407695409250619,-73.0
2.4134554461148547,-171.0
2.419215482979091,-241.0
2.424975519843327,-262.0
2.4307355567075626,-241.0
2.4364955935717987,-206.0
2.4422556304360348,-164.0
2.4480156673002704,-116.0
2.4537757041645065,-62.0
2.459535741028742,-19.0
2.4652957778929783,16.0
2.4710558147572144,40.0
2.47681585162145,52.0
2.482575888485686,61.0
2.488335925349922,59.0
2.494095962214158,67.0
2.499855999078394,81.0
2.50561603594263,102.0
2.5113760728068657,129.0
2.517136109671102,138.0
2.5228961465353374,142.0
2.5286561833995735,136.0
2.5344162202638096,142.0
2.5401762571280453,131.0
2.5459362939922814,106.0
2.5516963308565175,41.0
2.557456367720753,-46.0
2.5632164045849892,-101.0
2.568976441449225,-118.0
2.574736478313461,-99.0
2.580496515177697,-59.0
2.5862565520419327,-21.0
2.592016588906169,14.0
2.597776625770405,41.0
2.6035366626346406,68.0
2.6092966994988767,93.0
2.6150567363631123,110.0
2.6208167732273484,119.0
2.6265768100915845,124.0
2.63233684695582,119.0
2.6380968838200562,110.0
2.6438569206842923,98.0
2.649616957548528,88.0
2.655376994412764,70.0
2.6611370312769997,55.0
2.666897068141236,40.0
2.672657105005472,25.0
2.6784171418697076,6.0
2.6841771787339437,-10.0
2.6899372155981798,-27.0
2.6956972524624154,-45.0
2.7014572893266515,-60.0
2.7072173261908876,-72.0
2.7129773630551233,-85.0
2.7187373999193594,-89.0
2.724497436783595,-95.0
2.730257473647831,-98.0
2.736017510512067,-106.0
2.741777547376303,-111.0
2.747537584240539,-115.0
2.753297621104775,-118.0
2.7590576579690107,-124.0
2.764817694833247,-123.0
2.7705777316974824,-119.0
2.7763377685617185,-111.0
2.7820978054259546,-101.0
2.7878578422901903,-92.0
2.7936178791544264,-82.0
2.7993779160186625,-82.0
2.805137952882898,-79.0
2.8108979897471342,-80.0
2.81665802661137,-81.0
2.822418063475606,-78.0
2.828178100339842,-72.0
2.8339381372040777,-65.0
2.839698174068314,-56.0
2.84545821093255,-39.0
2.8512182477967856,-20.0
2.8569782846610217,14.0
2.8627383215252578,38.0
2.8684983583894934,75.0
2.8742583952537295,98.0
2.880018432117965,108.0
2.8857784689822013,107.0
2.8915385058464373,69.0
2.897298542710673,-6.0
2.903058579574909,-117.0
2.908818616439145,-236.0
2.914578653303381,-312.0
2.920338690167617,-325.0
2.9260987270318526,-281.0
2.9318587638960887,-205.0
2.9376188007603248,-131.0
2.9433788376245604,-56.0
2.9491388744887965,28.0
2.9548989113530326,100.0
2.9606589482172683,162.0
2.9664189850815044,215.0
2.97217902194574,253.0
2.977939058809976,274.0
2.983699095674212,291.0
2.989459132538448,326.0
2.995219169402684,354.0
3.00097920626692,364.0
3.0067392431311557,350.0
3.012499279995392,306.0
3.0182593168596275,266.0
3.0240193537238635,229.0
3.0297793905880996,202.0
3.0355394274523353,201.0
3.0412994643165714,219.0
3.0470595011808075,225.0
3.052819538045043,225.0
3.0585795749092792,222.0
3.0643396117735153,240.0
3.070099648637751,250.0
3.075859685501987,233.0
3.0816197223662227,178.0
3.087379759230459,118.0
3.093139796094695,74.0
3.0988998329589306,59.0
3.1046598698231667,75.0
3.1104199066874028,104.0
3.1161799435516384,129.0
3.1219399804158745,145.0
3.12770001728011,155.0
3.1334600541443463,162.0
3.1392200910085823,161.0
3.144980127872818,160.0
3.150740164737054,154.0
3.15650020160129,139.0
3.162260238465526,128.0
3.168020275329762,116.0
3.1737803121939976,121.0
3.1795403490582337,134.0
3.18530038592247,129.0
3.1910604227867054,113.0
3.1968204596509415,77.0
3.2025804965151776,72.0
3.2083405333794133,57.0
3.2141005702436494,15.0
3.219860607107885,-72.0
3.225620643972121,-162.0
3.231380680836357,-220.0
3.237140717700593,-231.0
3.242900754564829,-208.0
3.248660791429065,-168.0
3.2544208282933007,-128.0
3.260180865157537,-81.0
3.265940902021773,-43.0
3.2717009388860085,-19.0
3.2774609757502446,-1.0
3.2832210126144803,13.0
3.2889810494787164,22.0
3.2947410863429525,18.0
3.300501123207188,19.0
3.3062611600714242,27.0
3.3120211969356603,35.0
3.317781233799896,40.0
3.323541270664132,41.0
3.3293013075283677,42.0
3.335061344392604,35.0
3.34082138125684,17.0
3.3465814181210756,-4.0
3.3523414549853117,-31.0
3.3581014918495478,-51.0
3.3638615287137834,-63.0
3.3696215655780195,-69.0
3.375381602442255,-71.0
3.3811416393064913,-72.0
3.3869016761707273,-66.0
3.392661713034963,-69.0
3.398421749899199,-72.0
3.404181786763435,-83.0
3.409941823627671,-90.0
3.415701860491907,-99.0
3.4214618973561426,-101.0
3.4272219342203787,-99.0
3.432981971084615,-95.0
3.4387420079488504,-87.0
3.4445020448130865,-80.0
3.4502620816773226,-68.0
3.4560221185415583,-65.0
3.4617821554057944,-55.0
3.4675421922700305,-53.0
3.473302229134266,-53.0
3.479062265998502,-57.0
3.484822302862738,-61.0
3.490582339726974,-67.0
3.49634237659121,-70.0
3.5021024134554457,-77.0
3.507862450319682,-83.0
3.513622487183918,-89.0
3.5193825240481535,-96.0
3.5251425609123896,-95.0
3.5309025977766253,-92.0
3.5366626346408614,-81.0
3.5424226715050975,-76.0
3.548182708369333,-68.0
3.5539427452335692,-68.0
3.5597027820978053,-69.0
3.565462818962041,-62.0
3.571222855826277,-62.0
3.5769828926905127,-59.0
3.582742929554749,-55.0
3.588502966418985,-47.0
3.5942630032832206,-44.0
3.6000230401474567,-44.0
3.6057830770116928,-42.0
3.6115431138759284,-37.0
3.6173031507401645,-37.0
3.6230631876044006,-35.0
3.6288232244686363,-29.0
3.6345832613328724,-23.0
3.640343298197108,-11.0
3.646103335061344,1.0
3.65186337192558,7.0
3.657623408789816,6.0
3.663383445654052,11.0
3.669143482518288,16.0
3.6749035193825237,16.0
3.68066355624676,12.0
3.6864235931109954,15.0
3.6921836299752315,11.0
3.6979436668394676,10.0
3.7037037037037033,6.0
3.7094637405679394,13.0
3.7152237774321755,15.0
3.720983814296411,22.0
3.726743851160647,23.0
3.732503888024883,27.0
3.738263924889119,24.0
3.744023961753355,23.0
3.7497839986175907,25.0
3.755544035481827,22.0
3.761304072346063,25.0
3.7670641092102986,29.0
3.7728241460745346,30.0
3.7785841829387703,34.0
3.7843442198030064,61.0
3.7901042566672425,135.0
3.795864293531478,197.0
3.8016243303957142,253.0
3.8073843672599503,256.0
3.813144404124186,243.0
3.818904440988422,190.0
3.824664477852658,83.0
3.830424514716894,-59.0
3.83618455158113,-205.0
3.8419445884453656,-258.0
3.8477046253096017,-241.0
3.8534646621738378,-172.0
3.8592246990380734,-109.0
3.8649847359023095,-43.0
3.8707447727665456,29.0
3.8765048096307813,98.0
3.8822648464950174,158.0
3.888024883359253,205.0
3.893784920223489,242.0
3.899544957087725,278.0
3.905304993951961,309.0
3.911065030816197,323.0
3.916825067680433,321.0
3.9225851045446687,315.0
3.928345141408905,310.0
3.9341051782731404,302.0
3.9398652151373765,299.0
3.9456252520016126,301.0
3.9513852888658483,295.0
3.9571453257300844,283.0
3.9629053625943205,279.0
3.968665399458556,281.0
3.974425436322792,267.0
3.980185473187028,244.0
3.985945510051264,190.0
3.9917055469155,154.0
3.9974655837797357,120.0
4.003225620643972,120.0
4.008985657508208,139.0
4.0147456943724436,175.0
4.020505731236679,220.0
4.026265768100916,237.0
4.032025804965151,245.0
4.037785841829387,226.0
4.043545878693624,237.0
4.049305915557859,234.0
4.055065952422095,204.0
4.060825989286331,136.0
4.066586026150567,60.0
4.072346063014803,12.0
4.078106099879039,2.0
4.083866136743275,18.0
4.089626173607511,59.0
4.095386210471747,97.0
4.101146247335983,163.0
4.106906284200218,206.0
4.112666321064454,213.0
4.118426357928691,193.0
4.124186394792926,160.0
4.129946431657162,162.0
4.1357064685213984,154.0
4.141466505385634,106.0
4.14722654224987,33.0
4.152986579114106,-31.0
4.158746615978342,-63.0
4.164506652842578,-54.0
4.170266689706814,-18.0
4.17602672657105,46.0
4.181786763435285,73.0
4.187546800299522,87.0
4.193306837163758,73.0
4.199066874027993,74.0
4.20482691089223,103.0
4.2105869477564655,119.0
4.216346984620701,90.0
4.222107021484937,42.0
4.227867058349173,1.0
4.233627095213409,-19.0
4.239387132077645,-13.0
4.245147168941881,5.0
4.250907205806117,22.0
4.2566672426703525,33.0
4.262427279534589,45.0
4.268187316398825,58.0
4.27394735326306,64.0
4.279707390127297,66.0
4.2854674269915325,67.0
4.291227463855768,59.0
4.296987500720005,43.0
4.30274753758424,22.0
4.308507574448476,1.0
4.314267611312712,-20.0
4.320027648176948,-35.0
4.325787685041184,-36.0
4.3315477219054195,-35.0
4.337307758769656,8.0
4.343067795633892,35.0
4.348827832498127,59.0
4.354587869362364,35.0
4.3603479062265995,6.0
4.366107943090835,0.0
4.371867979955072,-15.0
4.377628016819307,-89.0
4.383388053683543,-195.0
4.3891480905477795,-282.0
4.394908127412015,-317.0
4.400668164276251,-274.0
4.406428201140487,-193.0
4.412188238004723,-110.0
4.417948274868959,-40.0
4.423708311733194,11.0
4.429468348597431,61.0
4.4352283854616665,96.0
4.440988422325902,116.0
4.446748459190139,90.0
4.452508496054374,61.0
4.45826853291861,28.0
4.464028569782847,17.0
4.469788606647082,21.0
4.475548643511318,25.0
4.481308680375554,77.0
4.48706871723979,113.0
4.492828754104026,147.0
4.498588790968262,133.0
4.504348827832498,122.0
4.5101088646967336,124.0
4.515868901560969,120.0
4.521628938425206,95.0
4.527388975289441,42.0
4.533149012153677,-4.0
4.538909049017914,-37.0
4.544669085882149,-33.0
4.550429122746385,-14.0
4.556189159610621,10.0
4.561949196474857,27.0
4.567709233339093,39.0
4.573469270203329,46.0
4.579229307067565,42.0
4.584989343931801,34.0
4.590749380796037,25.0
4.596509417660273,15.0
4.602269454524508,9.0
4.608029491388745,3.0
4.613789528252981,-2.0
4.619549565117216,-16.0
4.625309601981452,-32.0
4.6310696388456885,-60.0
4.636829675709924,-89.0
4.64258971257416,-114.0
4.648349749438396,-117.0
4.654109786302632,-119.0
4.659869823166868,-56.0
4.665629860031104,6.0
4.67138989689534,55.0
4.677149933759575,48.0
4.682909970623812,6.0
4.688670007488048,-12.0
4.694430044352283,-38.0
4.70019008121652,-101.0
4.7059501180807555,-201.0
4.711710154944991,-294.0
4.717470191809227,-337.0
4.723230228673463,-322.0
4.728990265537699,-266.0
4.734750302401935,-204.0
4.740510339266171,-131.0
4.746270376130407,-66.0
4.7520304129946425,-7.0
4.757790449858879,42.0
4.763550486723115,89.0
4.76931052358735,110.0
4.775070560451587,111.0
4.7808305973158225,96.0
4.786590634180058,92.0
4.792350671044295,88.0
4.79811070790853,93.0
4.803870744772766,93.0
4.8096307816370025,140.0
4.815390818501238,174.0
4.821150855365474,196.0
4.8269108922297095,180.0
4.832670929093946,153.0
4.838430965958182,134.0
4.844191002822417,123.0
4.849951039686654,74.0
4.8557110765508895,0.0
4.861471113415125,-60.0
4.867231150279362,-85.0
4.872991187143597,-72.0
4.878751224007833,-32.0
4.8845112608720695,6.0
4.890271297736305,30.0
4.896031334600541,48.0
4.901791371464777,65.0
4.907551408329013,80.0
4.913311445193249,85.0
4.919071482057484,83.0
4.924831518921721,75.0
4.9305915557859565,61.0
4.936351592650192,41.0
4.942111629514429,23.0
4.947871666378664,10.0
4.9536317032429,2.0
4.959391740107137,-7.0
4.965151776971372,-15.0
4.970911813835608,-34.0
4.976671850699844,-60.0
4.98243188756408,-76.0
4.988191924428316,-84.0
4.993951961292552,-57.0
4.999711998156788,15.0
5.005472035021024,60.0
5.01123207188526,87.0
5.016992108749496,46.0
5.022752145613731,21.0
5.028512182477967,9.0
5.034272219342204,-28.0
5.040032256206439,-121.0
5.045792293070675,-244.0
5.051552329934911,-334.0
5.057312366799147,-352.0
5.063072403663383,-310.0
5.068832440527619,-238.0
5.074592477391855,-174.0
5.080352514256091,-105.0
5.086112551120327,-39.0
5.091872587984563,20.0
5.097632624848798,64.0
5.103392661713035,92.0
5.109152698577271,108.0
5.114912735441506,117.0
5.120672772305742,123.0
5.1264328091699785,121.0
5.132192846034214,116.0
5.13795288289845,105.0
5.143712919762686,95.0
5.149472956626922,83.0
5.155232993491158,64.0
5.160993030355394,48.0
5.16675306721963,33.0
5.172513104083865,16.0
5.178273140948102,-17.0
5.184033177812338,-40.0
5.189793214676573,-40.0
5.19555325154081,-33.0
5.2013132884050455,47.0
5.207073325269281,111.0
5.212833362133518,158.0
5.218593398997753,143.0
5.224353435861989,88.0
5.230113472726225,63.0
5.235873509590461,30.0
5.241633546454697,-31.0
5.2473935833189325,-144.0
5.253153620183169,-256.0
5.258913657047405,-332.0
5.26467369391164,-325.0
5.270433730775877,-282.0
5.2761937676401125,-218.0
5.281953804504348,-153.0
5.287713841368585,-90.0
5.29347387823282,-30.0
5.299233915097056,19.0
5.3049939519612925,64.0
5.310753988825528,83.0
5.316514025689764,92.0
5.3222740625539995,93.0
5.328034099418236,98.0
5.333794136282472,99.0
5.339554173146707,98.0
5.345314210010944,97.0
5.3510742468751795,86.0
5.356834283739415,74.0
5.362594320603652,53.0
5.368354357467887,40.0
5.374114394332123,23.0
5.3798744311963596,6.0
5.385634468060595,-6.0
5.391394504924831,-19.0
5.397154541789067,-34.0
5.402914578653303,-44.0
5.408674615517539,-51.0
5.414434652381775,-62.0
5.420194689246011,-78.0
5.4259547261102465,-91.0
5.431714762974482,-112.0
5.437474799838719,-109.0
5.443234836702954,-98.0
5.44899487356719,-8.0
5.454754910431427,65.0
5.460514947295662,135.0
5.466274984159898,128.0
5.472035021024134,84.0
5.47779505788837,61.0
5.483555094752606,28.0
5.489315131616842,-36.0
5.495075168481078,-153.0
5.500835205345314,-261.0
5.50659524220955,-308.0
5.512355279073786,-288.0
5.518115315938021,-241.0
5.523875352802258,-184.0
5.529635389666494,-128.0
5.535395426530729,-73.0
5.541155463394965,-15.0
5.546915500259201,38.0
5.552675537123437,86.0
5.558435573987673,124.0
5.564195610851909,155.0
5.569955647716145,176.0
5.575715684580381,184.0
5.581475721444617,190.0
5.587235758308853,188.0
5.592995795173088,186.0
5.598755832037325,175.0
5.604515868901561,171.0
5.610275905765796,164.0
5.616035942630033,152.0
5.6217959794942685,139.0
5.627556016358504,126.0
5.63331605322274,117.0
5.639076090086976,101.0
5.644836126951212,87.0
5.650596163815448,66.0
5.656356200679684,42.0
5.66211623754392,19.0
5.6678762744081554,1.0
5.673636311272392,-15.0
5.679396348136628,-26.0
5.685156385000863,-31.0
5.6909164218651,-28.0
5.6966764587293355,-28.0
5.702436495593571,-39.0
5.708196532457808,-45.0
5.713956569322043,-52.0
5.719716606186279,-24.0
5.7254766430505155,83.0
5.731236679914751,153.0
5.736996716778987,221.0
5.7427567536432225,192.0
5.748516790507459,147.0
5.754276827371695,109.0
5.76003686423593,43.0
5.765796901100167,-66.0
5.7715569379644025,-207.0
5.777316974828638,-322.0
5.783077011692875,-340.0
5.78883704855711,-297.0
5.794597085421346,-220.0
5.8003571222855825,-151.0
5.806117159149818,-80.0
5.811877196014054,-2.0
5.81763723287829,70.0
5.823397269742526,142.0
5.829157306606762,204.0
5.834917343470997,247.0
5.840677380335234,291.0
5.8464374171994695,330.0
5.852197454063705,348.0
5.857957490927942,342.0
5.863717527792177,324.0
5.869477564656413,314.0
5.8752376015206496,297.0
5.880997638384885,291.0
5.886757675249121,276.0
5.892517712113357,266.0
5.898277748977593,252.0
5.904037785841829,240.0
5.909797822706065,251.0
5.915557859570301,274.0
5.9213178964345365,280.0
5.927077933298773,267.0
5.932837970163009,243.0
5.938598007027244,226.0
5.94435804389148,212.0
5.950118080755717,159.0
5.955878117619952,86.0
5.961638154484188,18.0
5.967398191348424,-18.0
5.97315822821266,-23.0
5.978918265076896,-13.0
5.984678301941132,15.0
5.990438338805368,47.0
5.996198375669604,80.0
6.00195841253384,150.0
6.007718449398076,206.0
6.013478486262311,247.0
6.019238523126548,236.0
6.024998559990784,216.0
6.030758596855019,201.0
6.036518633719255,192.0
6.042278670583491,139.0
6.048038707447727,63.0
6.053798744311963,-38.0
6.059558781176199,-95.0
6.065318818040435,-105.0
6.071078854904671,-75.0
6.076838891768907,-29.0
6.082598928633143,9.0
6.088358965497378,67.0
6.094119002361615,137.0
6.099879039225851,173.0
6.105639076090086,177.0
6.111399112954323,143.0
6.1171591498185585,123.0
6.122919186682794,136.0
6.128679223547031,139.0
6.134439260411266,92.0
6.140199297275502,29.0
6.145959334139738,-21.0
6.151719371003974,-43.0
6.15747940786821,-41.0
6.1632394447324454,-25.0
6.168999481596682,-7.0
6.174759518460918,18.0
6.180519555325153,68.0
6.18627959218939,121.0
6.1920396290536255,139.0
6.197799665917861,125.0
6.203559702782098,97.0
6.209319739646333,110.0
6.215079776510569,130.0
6.2208398133748055,122.0
6.226599850239041,66.0
6.232359887103277,-8.0
6.2381199239675125,-72.0
6.243879960831749,-93.0
6.249639997695985,-84.0
6.25540003456022,-59.0
6.261160071424457,-38.0
6.2669201082886925,-20.0
6.272680145152928,-8.0
6.278440182017165,2.0
6.2842002188814,15.0
6.289960255745636,26.0
6.2957202926098725,28.0
6.301480329474108,25.0
6.307240366338344,22.0
6.31300040320258,18.0
6.318760440066816,12.0
6.324520476931052,1.0
6.330280513795288,-12.0
6.336040550659524,-31.0
6.3418005875237595,-44.0
6.347560624387995,-55.0
6.353320661252232,-72.0
6.359080698116467,-83.0
6.364840734980703,-99.0
6.37060077184494,-111.0
6.376360808709175,-127.0
6.382120845573411,-137.0
6.387880882437647,-140.0
6.393640919301883,-141.0
6.399400956166119,-139.0
6.405160993030355,-139.0
6.410921029894591,-137.0
6.4166810667588265,-140.0
6.422441103623063,-133.0
6.428201140487299,-125.0
6.433961177351534,-119.0
6.43972121421577,-113.0
6.445481251080007,-104.0
6.451241287944242,-96.0
6.457001324808478,-92.0
6.462761361672714,-93.0
6.46852139853695,-92.0
6.474281435401186,-90.0
6.480041472265422,-81.0
6.485801509129658,-69.0
6.491561545993894,-64.0
6.49732158285813,-60.0
6.503081619722366,-45.0
6.508841656586601,-27.0
6.514601693450838,16.0
6.520361730315074,72.0
6.526121767179309,106.0
6.531881804043546,124.0
6.537641840907781,91.0
6.543401877772017,55.0
6.549161914636253,12.0
6.554921951500489,-91.0
6.560681988364725,-228.0
6.566442025228961,-355.0
6.572202062093197,-395.0
6.577962098957433,-354.0
6.583722135821668,-286.0
6.589482172685905,-219.0
6.595242209550141,-156.0
6.601002246414376,-71.0
6.606762283278613,21.0
6.6125223201428485,106.0
6.618282357007084,159.0
6.624042393871321,193.0
6.629802430735556,208.0
6.635562467599792,210.0
6.641322504464028,211.0
6.647082541328264,202.0
6.6528425781925,196.0
6.6586026150567355,185.0
6.664362651920972,181.0
6.670122688785208,176.0
6.675882725649443,166.0
6.68164276251368,151.0
6.6874027993779155,135.0
6.693162836242151,121.0
6.698922873106388,107.0
6.704682909970623,103.0
6.710442946834859,95.0
6.7162029836990955,89.0
6.721963020563331,81.0
6.727723057427567,71.0
6.733483094291803,56.0
6.739243131156039,29.0
6.745003168020275,7.0
6.75076320488451,-18.0
6.756523241748747,-43.0
6.7622832786129825,-57.0
6.768043315477218,-64.0
6.773803352341455,-71.0
6.77956338920569,-74.0
6.785323426069926,-83.0
6.7910834629341625,-84.0
6.796843499798398,-87.0
6.802603536662634,-89.0
6.80836357352687,-88.0
6.814123610391106,-90.0
6.819883647255342,-91.0
6.825643684119578,-92.0
6.831403720983814,-97.0
6.8371637578480495,-104.0
6.842923794712285,-106.0
6.848683831576522,-98.0
6.854443868440757,-86.0
6.860203905304993,-69.0
6.86596394216923,-52.0
6.871723979033465,-37.0
6.877484015897701,-16.0
6.883244052761937,7.0
6.889004089626173,35.0
6.894764126490409,92.0
6.900524163354645,117.0
6.906284200218881,155.0
6.9120442370831165,137.0
6.917804273947353,108.0
6.923564310811589,71.0
6.929324347675824,-12.0
6.935084384540061,-144.0
6.940844421404297,-271.0
6.946604458268532,-324.0
6.952364495132768,-287.0
6.958124531997004,-219.0
6.96388456886124,-157.0
6.969644605725476,-112.0
6.975404642589712,-49.0
6.981164679453948,35.0
6.986924716318184,112.0
6.99268475318242,175.0
6.998444790046656,213.0
7.004204826910891,238.0
7.009964863775128,255.0
7.015724900639364,261.0
7.021484937503599,261.0
7.027244974367836,257.0
7.0330050112320714,254.0
7.038765048096307,248.0
7.044525084960544,266.0
7.050285121824779,253.0
7.056045158689015,228.0
7.061805195553251,186.0
7.067565232417487,161.0
7.073325269281723,169.0
7.079085306145958,160.0
7.084845343010195,119.0
7.090605379874431,38.0
7.096365416738666,-42.0
7.102125453602903,-73.0
7.1078854904671385,-51.0
7.113645527331374,3.0
7.119405564195611,67.0
7.125165601059846,129.0
7.130925637924082,152.0
7.1366856747883185,143.0
7.142445711652554,131.0
7.14820574851679,154.0
7.1539657853810255,185.0
7.159725822245262,187.0
7.165485859109498,154.0
7.171245895973733,106.0
7.17700593283797,74.0
7.1827659697022055,70.0
7.188526006566441,84.0
7.194286043430678,119.0
7.200046080294913,172.0
7.205806117159149,200.0
7.2115661540233855,201.0
7.217326190887621,163.0
7.223086227751857,151.0
7.228846264616093,166.0
7.234606301480329,172.0
7.240366338344565,134.0
7.246126375208801,66.0
7.251886412073037,5.0
7.2576464489372725,-22.0
7.263406485801508,-14.0
7.269166522665745,10.0
7.27492655952998,31.0
7.280686596394216,50.0
7.2864466332584525,52.0
7.292206670122688,52.0
7.297966706986924,41.0
7.30372674385116,36.0
7.309486780715396,23.0
7.315246817579632,9.0
7.321006854443868,-3.0
7.326766891308104,-11.0
7.3325269281723395,-15.0
7.338286965036576,-25.0
7.344047001900812,-27.0
7.349807038765047,-33.0
7.355567075629283,-50.0
7.36132711249352,-56.0
7.367087149357755,-58.0
7.372847186221991,-58.0
7.378607223086227,-56.0
7.384367259950463,-54.0
7.390127296814699,-51.0
7.395887333678935,-48.0
7.401647370543171,-48.0
7.4074074074074066,-55.0
7.413167444271643,-65.0
7.418927481135879,-78.0
7.424687518000114,-83.0
7.430447554864351,-94.0
7.436207591728587,-101.0
7.441967628592822,-108.0
7.447727665457059,-116.0
7.453487702321294,-125.0
7.45924773918553,-134.0
7.465007776049766,-133.0
7.470767812914002,-130.0
7.476527849778238,-122.0
7.482287886642474,-115.0
7.48804792350671,-97.0
7.493807960370946,-83.0
7.499567997235181,-69.0
7.505328034099418,-51.0
7.511088070963654,-30.0
7.516848107827889,-11.0
7.522608144692126,36.0
7.5283681815563614,65.0
7.534128218420597,100.0
7.539888255284834,100.0
7.545648292149069,87.0
7.551408329013305,60.0
7.557168365877541,-16.0
7.562928402741777,-144.0
7.568688439606013,-273.0
7.574448476470248,-351.0
7.580208513334485,-344.0
7.585968550198721,-286.0
7.591728587062956,-225.0
7.597488623927193,-180.0
7.6032486607914285,-119.0
7.609008697655664,-41.0
7.614768734519901,44.0
7.620528771384136,117.0
7.626288808248372,176.0
7.6320488451126085,212.0
7.637808881976844,231.0
7.64356891884108,234.0
7.649328955705316,226.0
7.655088992569552,208.0
7.660849029433788,198.0
7.666609066298023,195.0
7.67236910316226,208.0
7.6781291400264955,199.0
7.683889176890731,179.0
7.689649213754968,144.0
7.695409250619203,123.0
7.701169287483439,137.0
7.7069293243476755,132.0
7.712689361211911,100.0
7.718449398076147,23.0
7.724209434940383,-38.0
7.729969471804619,-56.0
7.735729508668855,-40.0
7.741489545533091,-7.0
7.747249582397327,23.0
7.7530096192615625,50.0
7.758769656125798,71.0
7.764529692990035,90.0
7.77028972985427,100.0
7.776049766718506,99.0
7.7818098035827425,97.0
7.787569840446978,90.0
7.793329877311214,86.0
7.79908991417545,77.0
7.804849951039686,71.0
7.810609987903922,55.0
7.816370024768158,38.0
7.822130061632394,20.0
7.8278900984966295,12.0
7.833650135360866,5.0
7.839410172225102,1.0
7.845170209089337,-5.0
7.850930245953574,-19.0
7.85669028281781,-37.0
7.862450319682045,-57.0
7.868210356546281,-71.0
7.873970393410517,-82.0
7.879730430274753,-90.0
7.885490467138989,-94.0
7.891250504003225,-106.0
7.897010540867461,-120.0
7.9027705777316966,-133.0
7.908530614595933,-136.0
7.914290651460169,-142.0
7.920050688324404,-141.0
7.925810725188641,-144.0
7.931570762052877,-143.0
7.937330798917112,-141.0
7.943090835781349,-142.0
7.948850872645584,-134.0
7.95461090950982,-129.0
7.960370946374056,-110.0
7.966130983238292,-92.0
7.971891020102528,-76.0
7.977651056966764,-53.0
7.983411093831,-39.0
7.989171130695236,3.0
7.994931167559471,46.0
8.000691204423708,68.0
8.006451241287944,93.0
8.01221127815218,72.0
8.017971315016416,55.0
8.02373135188065,23.0
8.029491388744887,-54.0
8.035251425609124,-181.0
8.041011462473358,-280.0
8.046771499337595,-304.0
8.052531536201831,-263.0
8.058291573066066,-202.0
8.064051609930303,-168.0
8.06981164679454,-137.0
8.075571683658774,-80.0
8.08133172052301,3.0
8.087091757387247,93.0
8.092851794251482,170.0
8.098611831115718,213.0
8.104371867979955,238.0
8.11013190484419,256.0
8.115891941708426,262.0
8.121651978572663,265.0
8.127412015436898,270.0
8.133172052301134,274.0
8.13893208916537,286.0
8.144692126029605,301.0
8.150452162893842,294.0
8.156212199758079,266.0
8.161972236622313,222.0
8.16773227348655,195.0
8.173492310350786,193.0
8.179252347215021,161.0
8.185012384079258,114.0
8.190772420943494,27.0
8.196532457807729,-37.0
8.202292494671966,-61.0
8.208052531536202,-46.0
8.213812568400437,-14.0
8.219572605264673,19.0
8.225332642128908,55.0
8.231092678993145,80.0
8.236852715857381,103.0
8.242612752721616,115.0
8.248372789585853,131.0
8.254132826450089,139.0
8.259892863314324,144.0
8.26565290017856,143.0
8.271412937042797,132.0
8.277172973907032,123.0
8.282933010771268,115.0
8.288693047635505,115.0
8.29445308449974,109.0
8.300213121363976,105.0
8.305973158228213,98.0
8.311733195092447,86.0
8.317493231956684,68.0
8.32325326882092,41.0
8.329013305685155,20.0
8.334773342549392,-3.0
8.340533379413628,-19.0
8.346293416277863,-31.0
8.3520534531421,-44.0
8.357813490006336,-55.0
8.36357352687057,-71.0
8.369333563734807,-79.0
8.375093600599044,-91.0
8.380853637463279,-99.0
8.386613674327515,-109.0
8.392373711191752,-121.0
8.398133748055987,-130.0
8.403893784920223,-129.0
8.40965382178446,-121.0
8.415413858648694,-116.0
8.421173895512931,-110.0
8.426933932377166,-105.0
8.432693969241402,-96.0
8.438454006105639,-85.0
8.444214042969874,-66.0
8.44997407983411,-47.0
8.455734116698347,-27.0
8.461494153562581,-15.0
8.467254190426818,18.0
8.473014227291054,77.0
8.47877426415529,101.0
8.484534301019526,133.0
8.490294337883762,101.0
8.496054374747997,65.0
8.501814411612234,35.0
8.50757444847647,-31.0
8.513334485340705,-156.0
8.519094522204941,-293.0
8.524854559069178,-362.0
8.530614595933413,-337.0
8.53637463279765,-250.0
8.542134669661886,-191.0
8.54789470652612,-153.0
8.553654743390357,-109.0
8.559414780254594,-32.0
8.565174817118828,50.0
8.570934853983065,109.0
8.576694890847302,132.0
8.582454927711536,147.0
8.588214964575773,169.0
8.59397500144001,181.0
8.599735038304244,193.0
8.60549507516848,217.0
8.611255112032717,244.0
8.617015148896952,253.0
8.622775185761189,240.0
8.628535222625423,221.0
8.63429525948966,222.0
8.640055296353896,243.0
8.645815333218131,248.0
8.651575370082368,206.0
8.657335406946604,131.0
8.663095443810839,53.0
8.668855480675075,10.0
8.674615517539312,0.0
8.680375554403547,13.0
8.686135591267783,43.0
8.69189562813202,77.0
8.697655664996255,103.0
8.703415701860491,120.0
8.709175738724728,130.0
8.714935775588962,127.0
8.720695812453199,125.0
8.726455849317436,122.0
8.73221588618167,116.0
8.737975923045907,109.0
8.743735959910143,94.0
8.749495996774378,92.0
8.755256033638615,77.0
8.761016070502851,69.0
8.766776107367086,60.0
8.772536144231323,46.0
8.778296181095559,33.0
8.784056217959794,20.0
8.78981625482403,3.0
8.795576291688267,-13.0
8.801336328552502,-26.0
8.807096365416738,-36.0
8.812856402280975,-36.0
8.81861643914521,-46.0
8.824376476009446,-54.0
8.83013651287368,-72.0
8.835896549737917,-88.0
8.841656586602154,-101.0
8.847416623466389,-107.0
8.853176660330625,-110.0
8.858936697194862,-110.0
8.864696734059097,-109.0
8.870456770923333,-104.0
8.87621680778757,-106.0
8.881976844651804,-103.0
8.887736881516041,-99.0
8.893496918380277,-101.0
8.899256955244512,-96.0
8.905016992108749,-95.0
8.910777028972985,-95.0
8.91653706583722,-88.0
8.922297102701457,-82.0
8.928057139565693,-66.0
8.933817176429928,-55.0
8.939577213294164,-39.0
8.945337250158401,-11.0
8.951097287022636,38.0
8.956857323886872,46.0
8.962617360751109,59.0
8.968377397615344,38.0
8.97413743447958,27.0
8.979897471343817,14.0
8.985657508208051,-42.0
8.991417545072288,-175.0
8.997177581936525,-289.0
9.00293761880076,-336.0
9.008697655664996,-303.0
9.014457692529232,-234.0
9.020217729393467,-188.0
9.025977766257704,-138.0
9.031737803121938,-67.0
9.037497839986175,21.0
9.043257876850411,97.0
9.049017913714646,153.0
9.054777950578883,185.0
9.06053798744312,212.0
9.066298024307354,231.0
9.07205806117159,243.0
9.077818098035827,248.0
9.083578134900062,248.0
9.089338171764298,266.0
9.095098208628535,261.0
9.10085824549277,234.0
9.106618282357006,190.0
9.112378319221243,167.0
9.118138356085478,191.0
9.123898392949714,236.0
9.12965842981395,225.0
9.135418466678185,161.0
9.141178503542422,54.0
9.146938540406659,-18.0
9.152698577270893,-39.0
9.15845861413513,-24.0
9.164218650999366,27.0
9.169978687863601,84.0
9.175738724727838,117.0
9.181498761592074,126.0
9.187258798456309,113.0
9.193018835320546,108.0
9.198778872184782,134.0
9.204538909049017,168.0
9.210298945913253,167.0
9.21605898277749,124.0
9.221819019641725,65.0
9.227579056505961,28.0
9.233339093370196,30.0
9.239099130234433,58.0
9.244859167098669,117.0
9.250619203962904,153.0
9.25637924082714,159.0
9.262139277691377,130.0
9.267899314555612,102.0
9.273659351419848,108.0
9.279419388284085,147.0
9.28517942514832,168.0
9.290939462012556,141.0
9.296699498876793,80.0
9.302459535741027,26.0
9.308219572605264,9.0
9.3139796094695,21.0
9.319739646333735,29.0
9.325499683197972,45.0
9.331259720062208,57.0
9.337019756926443,71.0
9.34277979379068,81.0
9.348539830654916,92.0
9.35429986751915,93.0
9.360059904383387,95.0
9.365819941247624,99.0
9.371579978111859,93.0
9.377340014976095,88.0
9.383100051840332,74.0
9.388860088704567,69.0
9.394620125568803,55.0
9.40038016243304,50.0
9.406140199297274,43.0
9.411900236161511,32.0
9.417660273025747,16.0
9.423420309889982,0.0
9.429180346754219,-22.0
9.434940383618454,-40.0
9.44070042048269,-56.0
9.446460457346927,-69.0
9.452220494211161,-77.0
9.457980531075398,-82.0
9.463740567939634,-83.0
9.46950060480387,-80.0
9.475260641668106,-87.0
9.481020678532342,-90.0
9.486780715396577,-93.0
9.492540752260814,-95.0
9.49830078912505,-101.0
9.504060825989285,-100.0
9.509820862853521,-97.0
9.515580899717758,-92.0
9.521340936581993,-86.0
9.52710097344623,-82.0
9.532861010310466,-75.0
9.5386210471747,-70.0
9.544381084038937,-63.0
9.550141120903174,-61.0
9.555901157767408,-50.0
9.561661194631645,-31.0
9.567421231495882,-8.0
9.573181268360116,17.0
9.578941305224353,40.0
9.58470134208859,74.0
9.590461378952824,119.0
9.59622141581706,120.0
9.601981452681297,104.0
9.607741489545532,49.0
9.613501526409769,11.0
9.619261563274005,-21.0
9.62502160013824,-76.0
9.630781637002476,-199.0
9.636541673866711,-303.0
9.642301710730948,-342.0
9.648061747595184,-303.0
9.653821784459419,-256.0
9.659581821323656,-233.0
9.665341858187892,-202.0
9.671101895052127,-137.0
9.676861931916363,-46.0
9.6826219687806,24.0
9.688382005644835,77.0
9.694142042509071,112.0
9.699902079373308,137.0
9.705662116237542,152.0
9.711422153101779,155.0
9.717182189966016,154.0
9.72294222683025,154.0
9.728702263694487,162.0
9.734462300558723,195.0
9.740222337422958,207.0
9.745982374287195,207.0
9.751742411151431,173.0
9.757502448015666,144.0
9.763262484879903,159.0
9.769022521744139,176.0
9.774782558608374,161.0
9.78054259547261,90.0
9.786302632336847,1.0
9.792062669201082,-62.0
9.797822706065318,-74.0
9.803582742929555,-52.0
9.80934277979379,-8.0
9.815102816658026,46.0
9.820862853522263,76.0
9.826622890386497,84.0
9.832382927250734,72.0
9.838142964114969,75.0
9.843903000979205,107.0
9.849663037843442,136.0
9.855423074707677,128.0
9.861183111571913,94.0
9.86694314843615,53.0
9.872703185300384,35.0
9.878463222164621,39.0
9.884223259028857,61.0
9.889983295893092,108.0
9.895743332757329,145.0
9.901503369621565,148.0
9.9072634064858,126.0
9.913023443350037,90.0
9.918783480214273,91.0
9.924543517078508,130.0
9.930303553942744,142.0
9.936063590806981,112.0
9.941823627671216,56.0
9.947583664535452,3.0
9.953343701399689,-12.0
9.959103738263924,-7.0
9.96486377512816,15.0
9.970623811992397,37.0
9.976383848856631,55.0
9.982143885720868,69.0
9.987903922585105,76.0
9.99366395944934,78.0
9.999423996313576,72.0
10.005184033177812,71.0
10.010944070042047,66.0
10.016704106906284,52.0
10.02246414377052,37.0
10.028224180634755,24.0
10.033984217498991,17.0
10.039744254363226,9.0
10.045504291227463,0.0
10.0512643280917,-11.0
10.057024364955934,-21.0
10.06278440182017,-29.0
10.068544438684407,-36.0
10.074304475548642,-49.0
10.080064512412878,-55.0
10.085824549277115,-59.0
10.09158458614135,-70.0
10.097344623005586,-80.0
10.103104659869823,-89.0
10.108864696734058,-94.0
10.114624733598294,-100.0
10.12038477046253,-95.0
10.126144807326765,-88.0
10.131904844191002,-87.0
10.137664881055239,-89.0
10.143424917919473,-92.0
10.14918495478371,-96.0
10.154944991647946,-100.0
10.160705028512181,-101.0
10.166465065376418,-94.0
10.172225102240654,-91.0
10.177985139104889,-94.0
10.183745175969126,-90.0
10.189505212833362,-92.0
10.195265249697597,-89.0
10.201025286561833,-88.0
10.20678532342607,-79.0
10.212545360290305,-69.0
10.218305397154541,-59.0
10.224065434018778,-48.0
10.229825470883013,-30.0
10.235585507747249,-6.0
10.241345544611484,17.0
10.24710558147572,43.0
10.252865618339957,55.0
10.258625655204192,108.0
10.264385692068428,150.0
10.270145728932665,170.0
10.2759057657969,143.0
10.281665802661136,73.0
10.287425839525373,32.0
10.293185876389607,-3.0
10.298945913253844,-76.0
10.30470595011808,-177.0
10.310465986982315,-252.0
10.316226023846552,-273.0
10.321986060710788,-240.0
10.327746097575023,-216.0
10.33350613443926,-192.0
10.339266171303496,-134.0
10.34502620816773,-39.0
10.350786245031967,54.0
10.356546281896204,124.0
10.362306318760439,178.0
10.368066355624675,219.0
10.373826392488912,246.0
10.379586429353147,255.0
10.385346466217383,266.0
10.39110650308162,273.0
10.396866539945854,302.0
10.402626576810091,327.0
10.408386613674327,316.0
10.414146650538562,278.0
10.419906687402799,227.0
10.425666724267035,212.0
10.43142676113127,227.0
10.437186797995507,202.0
10.442946834859741,141.0
10.448706871723978,54.0
10.454466908588214,-20.0
10.46022694545245,-52.0
10.465986982316686,-44.0
10.471747019180922,-12.0
10.477507056045157,43.0
10.483267092909394,103.0
10.48902712977363,142.0
10.494787166637865,137.0
10.500547203502101,109.0
10.506307240366338,91.0
10.512067277230573,115.0
10.51782731409481,141.0
10.523587350959046,143.0
10.52934738782328,119.0
10.535107424687517,80.0
10.540867461551754,64.0
10.546627498415988,60.0
10.552387535280225,72.0
10.558147572144462,113.0
10.563907609008696,162.0
10.569667645872933,181.0
10.57542768273717,157.0
10.581187719601404,117.0
10.58694775646564,97.0
10.592707793329877,116.0
10.598467830194112,117.0
10.604227867058349,84.0
10.609987903922585,30.0
10.61574794078682,-18.0
10.621507977651056,-36.0
10.627268014515293,-26.0
10.633028051379528,-6.0
10.638788088243764,19.0
10.644548125107999,39.0
10.650308161972236,54.0
10.656068198836472,64.0
10.661828235700707,62.0
10.667588272564943,61.0
10.67334830942918,52.0
10.679108346293415,41.0
10.684868383157651,32.0
10.690628420021888,21.0
10.696388456886122,14.0
10.702148493750359,7.0
10.707908530614596,2.0
10.71366856747883,-5.0
10.719428604343067,-16.0
10.725188641207303,-19.0
10.730948678071538,-25.0
10.736708714935775,-38.0
10.742468751800011,-51.0
10.748228788664246,-64.0
10.753988825528483,-80.0
10.759748862392719,-92.0
10.765508899256954,-101.0
10.77126893612119,-112.0
10.777028972985427,-118.0
10.782789009849662,-127.0
10.788549046713898,-126.0
10.794309083578135,-131.0
10.80006912044237,-130.0
10.805829157306606,-124.0
10.811589194170843,-117.0
10.817349231035077,-114.0
10.823109267899314,-114.0
10.82886930476355,-118.0
10.834629341627785,-127.0
10.840389378492022,-126.0
10.846149415356257,-124.0
10.851909452220493,-117.0
10.85766948908473,-111.0
10.863429525948964,-106.0
10.869189562813201,-100.0
10.874949599677437,-97.0
10.880709636541672,-97.0
10.886469673405909,-93.0
10.892229710270145,-88.0
10.89798974713438,-84.0
10.903749783998617,-82.0
10.909509820862853,-79.0
10.915269857727088,-78.0
10.921029894591324,-59.0
10.926789931455561,-39.0
10.932549968319796,-13.0
10.938310005184032,17.0
10.944070042048269,54.0
10.949830078912504,133.0
10.95559011577674,153.0
10.961350152640977,153.0
10.967110189505211,83.0
10.972870226369448,31.0
10.978630263233685,-3.0
10.98439030009792,-46.0
10.990150336962156,-150.0
10.995910373826392,-241.0
11.001670410690627,-300.0
11.007430447554864,-299.0
11.0131904844191,-275.0
11.018950521283335,-248.0
11.024710558147572,-187.0
11.030470595011808,-94.0
11.036230631876043,0.0
11.04199066874028,76.0
11.047750705604516,135.0
11.05351074246875,173.0
11.059270779332987,200.0
11.065030816197222,225.0
11.070790853061458,266.0
11.076550889925695,293.0
11.08231092678993,277.0
11.088070963654166,232.0
11.093831000518403,192.0
11.099591037382638,190.0
11.105351074246874,217.0
11.11111111111111,199.0
11.116871147975345,144.0
11.122631184839582,77.0
11.128391221703819,38.0
11.134151258568053,33.0
11.13991129543229,54.0
11.145671332296526,84.0
11.151431369160761,111.0
11.157191406024998,121.0
11.162951442889234,128.0
11.168711479753469,133.0
11.174471516617706,139.0
11.180231553481942,145.0
11.185991590346177,142.0
11.191751627210413,139.0
11.19751166407465,126.0
11.203271700938885,117.0
11.209031737803121,112.0
11.214791774667358,101.0
11.220551811531593,98.0
11.226311848395829,91.0
11.232071885260066,79.0
11.2378319221243,62.0
11.243591958988537,42.0
11.249351995852773,20.0
11.255112032717008,-2.0
11.260872069581245,-6.0
11.26663210644548,-3.0
11.272392143309716,33.0
11.278152180173953,67.0
11.283912217038187,58.0
11.289672253902424,23.0
11.29543229076666,-61.0
11.301192327630895,-81.0
11.306952364495132,-75.0
11.312712401359368,-79.0
11.318472438223603,-146.0
11.32423247508784,-240.0
11.329992511952076,-291.0
11.335752548816311,-287.0
11.341512585680547,-270.0
11.347272622544784,-265.0
11.353032659409019,-249.0
11.358792696273255,-195.0
11.364552733137492,-85.0
11.370312770001727,20.0
11.376072806865963,97.0
11.3818328437302,147.0
11.387592880594434,179.0
11.393352917458671,193.0
11.399112954322907,189.0
11.404872991187142,184.0
11.410633028051379,174.0
11.416393064915615,166.0
11.42215310177985,161.0
11.427913138644087,163.0
11.433673175508323,170.0
11.439433212372558,172.0
11.445193249236794,188.0
11.450953286101031,227.0
11.456713322965266,247.0
11.462473359829502,227.0
11.468233396693737,173.0
11.473993433557974,121.0
11.47975347042221,107.0
11.485513507286445,84.0
11.491273544150681,23.0
11.497033581014918,-63.0
11.502793617879153,-122.0
11.50855365474339,-138.0
11.514313691607626,-125.0
11.52007372847186,-88.0
11.525833765336097,-15.0
11.531593802200334,64.0
11.537353839064568,86.0
11.543113875928805,64.0
11.548873912793042,30.0
11.554633949657276,32.0
11.560393986521513,79.0
11.56615402338575,97.0
11.571914060249984,81.0
11.57767409711422,45.0
11.583434133978457,13.0
11.589194170842692,4.0
11.594954207706929,-1.0
11.600714244571165,13.0
11.6064742814354,29.0
11.612234318299636,42.0
11.617994355163873,45.0
11.623754392028108,43.0
11.629514428892344,45.0
11.63527446575658,40.0
11.641034502620816,40.0
11.646794539485052,40.0
11.652554576349289,35.0
11.658314613213523,30.0
11.66407465007776,22.0
11.669834686941995,14.0
11.675594723806231,-1.0
11.681354760670468,-13.0
11.687114797534703,-27.0
11.692874834398939,-38.0
11.698634871263176,-49.0
11.70439490812741,-60.0
11.710154944991647,-73.0
11.715914981855883,-90.0
11.721675018720118,-104.0
11.727435055584355,-113.0
11.733195092448591,-122.0
11.738955129312826,-127.0
11.744715166177063,-132.0
11.750475203041299,-140.0
11.756235239905534,-145.0
11.76199527676977,-146.0
11.767755313634007,-141.0
11.773515350498242,-139.0
11.779275387362478,-138.0
11.785035424226715,-136.0
11.79079546109095,-140.0
11.796555497955186,-148.0
11.802315534819423,-150.0
11.808075571683657,-149.0
11.813835608547894,-144.0
11.81959564541213,-144.0
11.825355682276365,-142.0
11.831115719140602,-142.0
11.836875756004838,-143.0
11.842635792869073,-138.0
11.84839582973331,-128.0
11.854155866597546,-118.0
11.859915903461781,-109.0
11.865675940326017,-103.0
11.871435977190252,-98.0
11.877196014054489,-101.0
11.882956050918725,-105.0
11.88871608778296,-103.0
11.894476124647197,-109.0
11.900236161511433,-107.0
11.905996198375668,-100.0
11.911756235239904,-87.0
11.917516272104141,-65.0
11.923276308968376,-32.0
11.929036345832612,-1.0
11.934796382696849,27.0
11.940556419561084,52.0
11.94631645642532,143.0
11.952076493289557,193.0
11.957836530153791,210.0
11.963596567018028,137.0
11.969356603882265,58.0
11.9751166407465,20.0
11.980876677610736,0.0
11.986636714474972,-55.0
11.992396751339207,-143.0
11.998156788203444,-235.0
12.00391682506768,-270.0
12.009676861931915,-242.0
12.015436898796152,-181.0
12.021196935660388,-98.0
12.026956972524623,-12.0
12.03271700938886,56.0
12.038477046253096,111.0
12.04423708311733,169.0
12.049997119981567,234.0
12.055757156845804,301.0
12.061517193710038,309.0
12.067277230574275,283.0
12.07303726743851,242.0
12.078797304302746,241.0
12.084557341166983,275.0
12.090317378031218,284.0
12.096077414895454,249.0
12.10183745175969,196.0
12.107597488623925,149.0
12.113357525488162,126.0
12.119117562352399,126.0
12.124877599216633,151.0
12.13063763608087,189.0
12.136397672945106,250.0
12.142157709809341,282.0
12.147917746673578,268.0
12.153677783537814,217.0
12.159437820402049,176.0
12.165197857266286,198.0
12.170957894130522,228.0
12.176717930994757,214.0
12.182477967858993,152.0
12.18823800472323,73.0
12.193998041587465,20.0
12.199758078451701,-1.0
12.205518115315938,23.0
12.211278152180173,65.0
12.217038189044409,98.0
12.222798225908646,117.0
12.22855826277288,139.0
12.234318299637117,197.0
12.240078336501353,229.0
12.245838373365588,208.0
12.251598410229825,154.0
12.257358447094061,119.0
12.263118483958296,154.0
12.268878520822533,188.0
12.274638557686767,163.0
12.280398594551004,88.0
12.28615863141524,18.0
12.291918668279475,-18.0
12.297678705143712,-26.0
12.303438742007948,-14.0
12.309198778872183,5.0
12.31495881573642,38.0
12.320718852600656,113.0
12.326478889464891,189.0
12.332238926329127,206.0
12.337998963193364,157.0
12.343759000057599,97.0
12.349519036921835,87.0
12.355279073786072,123.0
12.361039110650307,122.0
12.366799147514543,78.0
12.37255918437878,7.0
12.378319221243014,-45.0
12.384079258107251,-55.0
12.389839294971488,-37.0
12.395599331835722,-13.0
12.401359368699959,9.0
12.407119405564195,28.0
12.41287944242843,47.0
12.418639479292667,61.0
12.424399516156903,73.0
12.430159553021138,77.0
12.435919589885374,77.0
12.441679626749611,75.0
12.447439663613846,74.0
12.453199700478082,66.0
12.458959737342319,54.0
12.464719774206554,40.0
12.47047981107079,24.0
12.476239847935025,6.0
12.481999884799261,-8.0
12.487759921663498,-21.0
12.493519958527733,-26.0
12.49927999539197,-35.0
12.505040032256206,-46.0
12.51080006912044,-60.0
12.516560105984677,-77.0
12.522320142848914,-86.0
12.528080179713148,-88.0
12.533840216577385,-99.0
12.539600253441622,-112.0
12.545360290305856,-127.0
12.551120327170093,-142.0
12.55688036403433,-149.0
12.562640400898564,-149.0
12.5684004377628,-145.0
12.574160474627037,-139.0
12.579920511491272,-136.0
12.585680548355509,-130.0
12.591440585219745,-134.0
12.59720062208398,-135.0
12.602960658948216,-133.0
12.608720695812453,-122.0
12.614480732676688,-117.0
12.620240769540924,-117.0
12.62600080640516,-124.0
12.631760843269396,-132.0
12.637520880133632,-134.0
12.643280916997869,-132.0
12.649040953862103,-125.0
12.65480099072634,-122.0
12.660561027590576,-121.0
12.666321064454811,-121.0
12.672081101319048,-123.0
12.677841138183283,-123.0
12.683601175047519,-118.0
12.689361211911756,-105.0
12.69512124877599,-103.0
12.700881285640227,-95.0
12.706641322504463,-92.0
12.712401359368698,-84.0
12.718161396232935,-76.0
12.723921433097171,-66.0
12.729681469961406,-61.0
12.735441506825643,-60.0
12.74120154368988,-58.0
12.746961580554114,-62.0
12.75272161741835,-64.0
12.758481654282587,-64.0
12.764241691146822,-43.0
12.770001728011058,-15.0
12.775761764875295,22.0
12.78152180173953,43.0
12.787281838603766,122.0
12.793041875468003,183.0
12.798801912332237,194.0
12.804561949196474,148.0
12.81032198606071,56.0
12.816082022924945,19.0
12.821842059789182,13.0
12.827602096653418,-34.0
12.833362133517653,-140.0
12.83912217038189,-255.0
12.844882207246126,-299.0
12.850642244110361,-248.0
12.856402280974597,-161.0
12.862162317838834,-76.0
12.867922354703069,0.0
12.873682391567305,76.0
12.87944242843154,127.0
12.885202465295777,160.0
12.890962502160013,178.0
12.896722539024248,201.0
12.902482575888484,247.0
12.908242612752721,290.0
12.914002649616956,307.0
12.919762686481192,309.0
12.925522723345429,298.0
12.931282760209664,291.0
12.9370427970739,276.0
12.942802833938137,278.0
12.948562870802371,299.0
12.954322907666608,282.0
12.960082944530845,242.0
12.96584298139508,204.0
12.971603018259316,210.0
12.977363055123552,253.0
12.983123091987787,266.0
12.988883128852024,229.0
12.99464316571626,148.0
13.000403202580495,80.0
13.006163239444732,43.0
13.011923276308968,37.0
13.017683313173203,48.0
13.02344335003744,63.0
13.029203386901676,82.0
13.03496342376591,91.0
13.040723460630147,104.0
13.046483497494384,144.0
13.052243534358619,189.0
13.058003571222855,180.0
13.063763608087092,130.0
13.069523644951326,80.0
13.075283681815563,84.0
13.081043718679798,124.0
13.086803755544034,122.0
13.09256379240827,59.0
13.098323829272505,-26.0
13.104083866136742,-73.0
13.109843903000979,-85.0
13.115603939865213,-68.0
13.12136397672945,-23.0
13.127124013593686,48.0
13.132884050457921,111.0
13.138644087322158,96.0
13.144404124186394,54.0
13.150164161050629,28.0
13.155924197914866,80.0
13.161684234779102,156.0
13.167444271643337,177.0
13.173204308507573,132.0
13.17896434537181,67.0
13.184724382236045,32.0
13.190484419100281,21.0
13.196244455964518,26.0
13.202004492828753,33.0
13.207764529692989,41.0
13.213524566557226,51.0
13.21928460342146,59.0
13.225044640285697,67.0
13.230804677149933,65.0
13.236564714014168,65.0
13.242324750878405,61.0
13.248084787742641,64.0
13.253844824606876,61.0
13.259604861471113,51.0
13.26536489833535,45.0
13.271124935199584,36.0
13.27688497206382,26.0
13.282645008928055,10.0
13.288405045792292,-3.0
13.294165082656528,-24.0
13.299925119520763,-44.0
13.305685156385,-53.0
13.311445193249236,-70.0
13.317205230113471,-78.0
13.322965266977707,-86.0
13.328725303841944,-86.0
13.334485340706179,-91.0
13.340245377570415,-99.0
13.346005414434652,-110.0
13.351765451298887,-118.0
13.357525488163123,-126.0
13.36328552502736,-137.0
13.369045561891594,-139.0
13.374805598755831,-146.0
13.380565635620068,-144.0
13.386325672484302,-143.0
13.392085709348539,-143.0
13.397845746212775,-149.0
13.40360578307701,-153.0
13.409365819941247,-153.0
13.415125856805483,-154.0
13.420885893669718,-151.0
13.426645930533954,-145.0
13.432405967398191,-132.0
13.438166004262426,-124.0
13.443926041126662,-111.0
13.449686077990899,-104.0
13.455446114855134,-110.0
13.46120615171937,-121.0
13.466966188583607,-126.0
13.472726225447841,-122.0
13.478486262312078,-112.0
13.484246299176313,-97.0
13.49000633604055,-94.0
13.495766372904786,-88.0
13.50152640976902,-88.0
13.507286446633257,-85.0
13.513046483497494,-84.0
13.518806520361728,-86.0
13.524566557225965,-83.0
13.530326594090202,-76.0
13.536086630954436,-54.0
13.541846667818673,-4.0
13.54760670468291,54.0
13.553366741547144,83.0
13.55912677841138,91.0
13.564886815275617,95.0
13.570646852139852,129.0
13.576406889004089,177.0
13.582166925868325,218.0
13.58792696273256,157.0
13.593686999596796,32.0
13.599447036461033,-147.0
13.605207073325268,-251.0
13.610967110189504,-251.0
13.61672714705374,-182.0
13.622487183917976,-90.0
13.628247220782212,-14.0
13.634007257646449,30.0
13.639767294510683,47.0
13.64552733137492,62.0
13.651287368239156,96.0
13.657047405103391,148.0
13.662807441967628,194.0
13.668567478831864,226.0
13.674327515696099,242.0
13.680087552560336,264.0
13.68584758942457,276.0
13.691607626288807,279.0
13.697367663153043,276.0
13.703127700017278,303.0
13.708887736881515,345.0
13.714647773745751,327.0
13.720407810609986,280.0
13.726167847474223,233.0
13.73192788433846,230.0
13.737687921202694,255.0
13.74344795806693,239.0
13.749207994931167,176.0
13.754968031795402,97.0
13.760728068659638,36.0
13.766488105523875,7.0
13.77224814238811,9.0
13.778008179252346,34.0
13.783768216116583,61.0
13.789528252980817,91.0
13.795288289845054,109.0
13.80104832670929,133.0
13.806808363573525,153.0
13.812568400437762,168.0
13.818328437301998,170.0
13.824088474166233,160.0
13.82984851103047,150.0
13.835608547894706,133.0
13.841368584758941,127.0
13.847128621623177,121.0
13.852888658487414,109.0
13.858648695351649,90.0
13.864408732215885,70.0
13.870168769080122,46.0
13.875928805944357,25.0
13.881688842808593,4.0
13.887448879672828,-16.0
13.893208916537064,-28.0
13.898968953401301,-33.0
13.904728990265536,19.0
13.910489027129772,42.0
13.916249063994009,32.0
13.922009100858244,-24.0
13.92776913772248,-60.0
13.933529174586717,-37.0
13.939289211450951,-11.0
13.945049248315188,-24.0
13.950809285179425,-93.0
13.95656932204366,-179.0
13.962329358907896,-253.0
13.968089395772132,-292.0
13.973849432636367,-281.0
13.979609469500604,-229.0
13.98536950636484,-147.0
13.991129543229075,-77.0
13.996889580093312,-16.0
14.002649616957548,27.0
14.008409653821783,69.0
14.01416969068602,101.0
14.019929727550256,126.0
14.02568976441449,152.0
14.031449801278727,162.0
14.037209838142964,165.0
14.042969875007199,162.0
14.048729911871435,178.0
14.054489948735672,224.0
14.060249985599906,240.0
14.066010022464143,216.0
14.07177005932838,171.0
14.077530096192614,146.0
14.08329013305685,180.0
14.089050169921087,190.0
14.094810206785322,133.0
14.100570243649559,35.0
14.106330280513793,-57.0
14.11209031737803,-106.0
14.117850354242266,-108.0
14.123610391106501,-75.0
14.129370427970738,-39.0
14.135130464834974,-13.0
14.140890501699209,4.0
14.146650538563446,22.0
14.152410575427682,34.0
14.158170612291917,48.0
14.163930649156153,61.0
14.16969068602039,114.0
14.175450722884625,167.0
14.181210759748861,172.0
14.186970796613098,129.0
14.192730833477333,97.0
14.198490870341569,97.0
14.204250907205806,135.0
14.21001094407004,111.0
14.215770980934277,38.0
14.221531017798513,-44.0
14.227291054662748,-87.0
14.233051091526985,-98.0
14.238811128391221,-83.0
14.244571165255456,-29.0
14.250331202119693,45.0
14.25609123898393,115.0
14.261851275848164,109.0
14.2676113127124,58.0
14.273371349576637,14.0
14.279131386440872,20.0
14.284891423305108,71.0
14.290651460169345,85.0
14.29641149703358,69.0
14.302171533897816,38.0
14.307931570762051,28.0
14.313691607626287,27.0
14.319451644490524,30.0
14.325211681354759,38.0
14.330971718218995,36.0
14.336731755083232,34.0
14.342491791947467,29.0
14.348251828811703,27.0
14.35401186567594,19.0
14.359771902540174,8.0
14.365531939404411,2.0
14.371291976268648,0.0
14.377052013132882,-2.0
14.382812049997119,-9.0
14.388572086861355,-17.0
14.39433212372559,-31.0
14.400092160589827,-46.0
14.405852197454063,-52.0
14.411612234318298,-64.0
14.417372271182535,-76.0
14.423132308046771,-89.0
14.428892344911006,-95.0
14.434652381775242,-107.0
14.440412418639479,-115.0
14.446172455503714,-124.0
14.45193249236795,-128.0
14.457692529232187,-134.0
14.463452566096421,-139.0
14.469212602960658,-139.0
14.474972639824895,-144.0
14.48073267668913,-143.0
14.486492713553366,-140.0
14.492252750417602,-139.0
14.498012787281837,-140.0
14.503772824146074,-138.0
14.509532861010308,-136.0
14.515292897874545,-138.0
14.521052934738782,-140.0
14.526812971603016,-141.0
14.532573008467253,-139.0
14.53833304533149,-135.0
14.544093082195724,-124.0
14.54985311905996,-112.0
14.555613155924197,-106.0
14.561373192788432,-94.0
14.567133229652669,-82.0
14.572893266516905,-74.0
14.57865330338114,-71.0
14.584413340245376,-68.0
14.590173377109613,-63.0
14.595933413973848,-58.0
14.601693450838084,-54.0
14.60745348770232,-49.0
14.613213524566556,-47.0
14.618973561430792,-48.0
14.624733598295029,-48.0
14.630493635159263,-45.0
14.6362536720235,-51.0
14.642013708887736,-46.0
14.647773745751971,-37.0
14.653533782616208,-26.0
14.659293819480444,-20.0
14.665053856344679,-10.0
14.670813893208916,-11.0
14.676573930073152,-11.0
14.682333966937387,-8.0
14.688094003801623,-4.0
14.69385404066586,-1.0
14.699614077530095,-4.0
14.705374114394331,-4.0
14.711134151258566,-6.0
14.716894188122803,-9.0
14.72265422498704,-9.0
14.728414261851274,-10.0
14.73417429871551,-13.0
14.739934335579747,-18.0
14.745694372443982,-24.0
14.751454409308218,-25.0
14.757214446172455,-26.0
14.76297448303669,-28.0
14.768734519900926,-28.0
14.774494556765163,-30.0
14.780254593629397,-28.0
14.786014630493634,-26.0
14.79177466735787,-24.0
14.797534704222105,-20.0
14.803294741086342,-17.0
14.809054777950578,-11.0
14.814814814814813,-5.0
14.82057485167905,12.0
14.826334888543286,116.0
14.832094925407521,191.0
14.837854962271757,233.0
14.843614999135994,212.0
14.849375036000229,145.0
14.855135072864465,135.0
14.860895109728702,101.0
14.866655146592937,-8.0
14.872415183457173,-147.0
14.87817522032141,-246.0
14.883935257185644,-244.0
14.889695294049881,-161.0
14.895455330914118,-86.0
14.901215367778352,-30.0
14.906975404642589,11.0
14.912735441506824,70.0
14.91849547837106,128.0
14.924255515235297,188.0
14.930015552099531,236.0
14.935775588963768,258.0
14.941535625828005,281.0
14.94729566269224,303.0
14.953055699556476,294.0
14.958815736420712,291.0
14.964575773284947,283.0
14.970335810149184,304.0
14.97609584701342,314.0
14.981855883877655,306.0
14.987615920741892,281.0
14.993375957606128,258.0
14.999135994470363,243.0
15.0048960313346,232.0
15.010656068198836,226.0
15.01641610506307,244.0
15.022176141927307,260.0
15.027936178791544,228.0
15.033696215655779,171.0
15.039456252520015,127.0
15.045216289384252,141.0
15.050976326248486,194.0
15.056736363112723,200.0
15.06249639997696,156.0
15.068256436841194,86.0
15.07401647370543,20.0
15.079776510569667,-15.0
15.085536547433902,-19.0
15.091296584298139,-5.0
15.097056621162375,17.0
15.10281665802661,37.0
15.108576694890846,57.0
15.114336731755081,71.0
15.120096768619318,80.0
15.125856805483554,86.0
15.131616842347789,87.0
15.137376879212026,81.0
15.143136916076262,77.0
15.148896952940497,78.0
15.154656989804733,77.0
15.16041702666897,79.0
15.166177063533205,81.0
15.171937100397441,77.0
15.177697137261678,66.0
15.183457174125913,56.0
15.189217210990149,46.0
15.194977247854386,32.0
15.20073728471862,10.0
15.206497321582857,-16.0
15.212257358447093,-23.0
15.218017395311328,21.0
15.223777432175565,59.0
15.229537469039801,51.0
15.235297505904036,-24.0
15.241057542768273,-109.0
15.24681757963251,-131.0
15.252577616496744,-104.0
15.25833765336098,-83.0
15.264097690225217,-111.0
15.269857727089452,-191.0
15.275617763953688,-280.0
15.281377800817925,-337.0
15.28713783768216,-323.0
15.292897874546396,-264.0
15.298657911410633,-193.0
15.304417948274867,-125.0
15.310177985139104,-65.0
15.315938022003339,-16.0
15.321698058867575,32.0
15.327458095731812,70.0
15.333218132596047,100.0
15.338978169460283,120.0
15.34473820632452,152.0
15.350498243188754,194.0
15.356258280052991,244.0
15.362018316917228,254.0
15.367778353781462,195.0
15.373538390645699,118.0
15.379298427509935,69.0
15.38505846437417,85.0
15.390818501238407,97.0
15.396578538102643,65.0
15.402338574966878,5.0
15.408098611831115,-47.0
15.413858648695351,-67.0
15.419618685559586,-60.0
15.425378722423822,-40.0
15.431138759288059,-15.0
15.436898796152294,-3.0
15.44265883301653,5.0
15.448418869880767,17.0
15.454178906745001,23.0
15.459938943609238,39.0
15.465698980473475,52.0
15.47145901733771,65.0
15.477219054201946,67.0
15.482979091066182,62.0
15.488739127930417,46.0
15.494499164794654,25.0
15.50025920165889,5.0
15.506019238523125,-12.0
15.511779275387362,-23.0
15.517539312251596,-34.0
15.523299349115833,-48.0
15.52905938598007,-56.0
15.534819422844304,-68.0
15.54057945970854,-74.0
15.546339496572777,-83.0
15.552099533437012,-94.0
15.557859570301249,-105.0
15.563619607165485,-109.0
15.56937964402972,-111.0
15.575139680893956,-114.0
15.580899717758193,-118.0
15.586659754622428,-116.0
15.592419791486664,-116.0
15.5981798283509,-121.0
15.603939865215136,-122.0
15.609699902079372,-125.0
15.615459938943609,-123.0
15.621219975807843,-125.0
15.62698001267208,-124.0
15.632740049536316,-126.0
15.638500086400551,-124.0
15.644260123264788,-120.0
15.650020160129024,-117.0
15.655780196993259,-122.0
15.661540233857496,-121.0
15.667300270721732,-116.0
15.673060307585967,-102.0
15.678820344450203,-87.0
15.68458038131444,-69.0
15.690340418178675,-62.0
15.696100455042911,-51.0
15.701860491907148,-21.0
15.707620528771383,17.0
15.71338056563562,58.0
15.719140602499854,26.0
15.72490063936409,-1.0
15.730660676228327,-37.0
15.736420713092562,-20.0
15.742180749956798,22.0
15.747940786821035,27.0
15.75370082368527,-46.0
15.759460860549506,-170.0
15.765220897413743,-291.0
15.770980934277977,-332.0
15.776740971142214,-277.0
15.78250100800645,-192.0
15.788261044870685,-112.0
15.794021081734922,-57.0
15.799781118599158,7.0
15.805541155463393,73.0
15.81130119232763,137.0
15.817061229191866,178.0
15.822821266056101,190.0
15.828581302920337,185.0
15.834341339784574,184.0
15.840101376648809,195.0
15.845861413513045,220.0
15.851621450377282,242.0
15.857381487241517,266.0
15.863141524105753,286.0
15.86890156096999,299.0
15.874661597834224,279.0
15.880421634698461,255.0
15.886181671562698,231.0
15.891941708426932,214.0
15.897701745291169,193.0
15.903461782155405,170.0
15.90922181901964,156.0
15.914981855883877,147.0
15.920741892748111,144.0
15.926501929612348,145.0
15.932261966476585,150.0
15.93802200334082,154.0
15.943782040205056,161.0
15.949542077069292,180.0
15.955302113933527,228.0
15.961062150797764,262.0
15.966822187662,248.0
15.972582224526235,166.0
15.978342261390472,93.0
15.984102298254708,68.0
15.989862335118943,67.0
15.99562237198318,44.0
16.001382408847416,-18.0
16.00714244571165,-64.0
16.01290248257589,-90.0
16.018662519440124,-96.0
16.02442255630436,-62.0
16.030182593168593,2.0
16.03594263003283,70.0
16.041702666897066,90.0
16.0474627037613,37.0
16.05322274062554,1.0
16.058982777489774,0.0
16.06474281435401,68.0
16.070502851218247,125.0
16.076262888082482,153.0
16.082022924946717,149.0
16.087782961810955,134.0
16.09354299867519,118.0
16.099303035539425,103.0
16.105063072403663,107.0
16.110823109267898,116.0
16.116583146132132,120.0
16.12234318299637,111.0
16.128103219860606,102.0
16.13386325672484,86.0
16.13962329358908,72.0
16.145383330453313,61.0
16.151143367317548,55.0
16.156903404181786,64.0
16.16266344104602,72.0
16.168423477910256,85.0
16.174183514774494,117.0
16.17994355163873,185.0
16.185703588502964,234.0
16.191463625367202,218.0
16.197223662231437,120.0
16.20298369909567,9.0
16.20874373595991,-43.0
16.214503772824145,-72.0
16.22026380968838,-94.0
16.226023846552618,-123.0
16.231783883416853,-150.0
16.237543920281087,-159.0
16.243303957145326,-153.0
16.24906399400956,-129.0
16.254824030873795,-88.0
16.260584067738034,-26.0
16.26634410460227,18.0
16.272104141466503,11.0
16.27786417833074,-45.0
16.283624215194976,-75.0
16.28938425205921,-40.0
16.29514428892345,25.0
16.300904325787684,78.0
16.30666436265192,103.0
16.312424399516157,100.0
16.318184436380392,95.0
16.323944473244627,86.0
16.329704510108865,82.0
16.3354645469731,89.0
16.341224583837334,100.0
16.346984620701573,105.0
16.352744657565808,110.0
16.358504694430042,134.0
16.36426473129428,180.0
16.370024768158515,201.0
16.37578480502275,159.0
16.38154484188699,55.0
16.387304878751223,-34.0
16.393064915615458,-75.0
16.398824952479696,-92.0
16.40458498934393,-99.0
16.410345026208166,-115.0
16.416105063072404,-123.0
16.42186509993664,-112.0
16.427625136800874,-92.0
16.43338517366511,-74.0
16.439145210529347,-58.0
16.44490524739358,-37.0
16.450665284257816,-26.0
16.456425321122055,-13.0
16.46218535798629,3.0
16.467945394850524,23.0
16.473705431714762,41.0
16.479465468578997,47.0
16.485225505443232,49.0
16.49098554230747,38.0
16.496745579171705,18.0
16.50250561603594,4.0
16.508265652900178,-11.0
16.514025689764413,-31.0
16.519785726628648,-51.0
16.525545763492886,-75.0
16.53130580035712,-98.0
16.537065837221355,-115.0
16.542825874085594,-122.0
16.54858591094983,-113.0
16.554345947814063,-106.0
16.5601059846783,-100.0
16.565866021542536,-93.0
16.57162605840677,-95.0
16.57738609527101,-104.0
16.583146132135244,-121.0
16.58890616899948,-138.0
16.594666205863717,-157.0
16.600426242727952,-164.0
16.606186279592187,-168.0
16.611946316456425,-162.0
16.61770635332066,-155.0
16.623466390184895,-139.0
16.629226427049133,-124.0
16.634986463913368,-115.0
16.640746500777603,-104.0
16.64650653764184,-93.0
16.652266574506076,-87.0
16.65802661137031,-92.0
16.66378664823455,-102.0
16.669546685098783,-115.0
16.675306721963018,-124.0
16.681066758827257,-120.0
16.68682679569149,-110.0
16.692586832555726,-93.0
16.698346869419964,-74.0
16.7041069062842,-49.0
16.709866943148434,-26.0
16.715626980012672,-19.0
16.721387016876907,-13.0
16.72714705374114,-4.0
16.73290709060538,2.0
16.738667127469615,6.0
16.74442716433385,7.0
16.750187201198088,6.0
16.755947238062323,6.0
16.761707274926557,6.0
16.767467311790796,7.0
16.77322734865503,10.0
16.778987385519265,6.0
16.784747422383504,8.0
16.79050745924774,0.0
16.796267496111973,-4.0
16.80202753297621,-7.0
16.807787569840446,0.0
16.81354760670468,-1.0
16.81930764356892,-5.0
16.825067680433154,-10.0
16.83082771729739,-12.0
16.836587754161624,-12.0
16.842347791025862,-2.0
16.848107827890097,11.0
16.85386786475433,17.0
16.85962790161857,28.0
16.865387938482804,37.0
16.87114797534704,44.0
16.876908012211278,43.0
16.882668049075512,40.0
16.888428085939747,31.0
16.894188122803985,21.0
16.89994815966822,9.0
16.905708196532455,5.0
16.911468233396693,6.0
16.917228270260928,4.0
16.922988307125163,5.0
16.9287483439894,3.0
16.934508380853636,-2.0
16.94026841771787,-7.0
16.94602845458211,67.0
16.951788491446344,115.0
16.95754852831058,126.0
16.963308565174817,79.0
16.96906860203905,25.0
16.974828638903286,39.0
16.980588675767525,86.0
16.98634871263176,90.0
16.992108749495994,-4.0
16.997868786360232,-129.0
17.003628823224467,-207.0
17.009388860088702,-198.0
17.01514889695294,-127.0
17.020908933817175,-33.0
17.02666897068141,35.0
17.032429007545648,97.0
17.038189044409883,140.0
17.043949081274118,158.0
17.049709118138356,168.0
17.05546915500259,185.0
17.061229191866826,223.0
17.066989228731064,278.0
17.0727492655953,320.0
17.078509302459533,329.0
17.08426933932377,315.0
17.090029376188006,294.0
17.09578941305224,267.0
17.10154944991648,256.0
17.107309486780714,260.0
17.11306952364495,238.0
17.118829560509187,226.0
17.124589597373422,231.0
17.130349634237657,266.0
17.136109671101895,327.0
17.14186970796613,331.0
17.147629744830365,299.0
17.153389781694603,236.0
17.159149818558838,171.0
17.164909855423073,134.0
17.17066989228731,123.0
17.176429929151546,138.0
17.18218996601578,183.0
17.18795000288002,223.0
17.193710039744253,209.0
17.19947007660849,151.0
17.205230113472727,126.0
17.21099015033696,145.0
17.216750187201196,195.0
17.222510224065434,218.0
17.22827026092967,187.0
17.234030297793904,129.0
17.23979033465814,65.0
17.245550371522377,-1.0
17.251310408386612,-39.0
17.257070445250847,-46.0
17.262830482115085,-29.0
17.26859051897932,11.0
17.274350555843554,52.0
17.280110592707793,93.0
17.285870629572027,133.0
17.291630666436262,157.0
17.2973907033005,167.0
17.303150740164735,168.0
17.30891077702897,159.0
17.31467081389321,143.0
17.320430850757443,128.0
17.326190887621678,111.0
17.331950924485916,91.0
17.33771096135015,59.0
17.343470998214386,27.0
17.349231035078624,-4.0
17.35499107194286,-28.0
17.360751108807094,-36.0
17.366511145671332,-39.0
17.372271182535567,-36.0
17.3780312193998,-47.0
17.38379125626404,-64.0
17.389551293128275,-81.0
17.39531132999251,-105.0
17.401071366856748,-121.0
17.406831403720982,-114.0
17.412591440585217,-88.0
17.418351477449455,42.0
17.42411151431369,142.0
17.429871551177925,196.0
17.435631588042163,127.0
17.441391624906398,1.0
17.447151661770633,-84.0
17.45291169863487,-107.0
17.458671735499106,-88.0
17.46443177236334,-79.0
17.47019180922758,-85.0
17.475951846091814,-123.0
17.48171188295605,-141.0
17.487471919820287,-132.0
17.49323195668452,-103.0
17.498991993548756,-71.0
17.504752030412995,-42.0
17.51051206727723,-18.0
17.516272104141464,0.0
17.522032141005702,15.0
17.527792177869937,66.0
17.533552214734172,144.0
17.53931225159841,211.0
17.545072288462645,275.0
17.55083232532688,303.0
17.556592362191118,326.0
17.562352399055353,307.0
17.568112435919588,260.0
17.573872472783826,192.0
17.57963250964806,135.0
17.585392546512296,91.0
17.591152583376534,59.0
17.59691262024077,44.0
17.602672657105003,43.0
17.60843269396924,58.0
17.614192730833476,66.0
17.61995276769771,75.0
17.62571280456195,77.0
17.631472841426184,80.0
17.63723287829042,74.0
17.642992915154654,60.0
17.648752952018892,47.0
17.654512988883127,24.0
17.66027302574736,6.0
17.6660330626116,-20.0
17.671793099475835,-38.0
17.67755313634007,-60.0
17.683313173204308,-68.0
17.689073210068543,-60.0
17.694833246932777,-52.0
17.700593283797016,-39.0
17.70635332066125,-37.0
17.712113357525485,-39.0
17.717873394389724,-48.0
17.72363343125396,-57.0
17.729393468118193,-66.0
17.73515350498243,-88.0
17.740913541846666,-108.0
17.7466735787109,-130.0
17.75243361557514,-148.0
17.758193652439374,-168.0
17.76395368930361,-178.0
17.769713726167847,-183.0
17.775473763032082,-185.0
17.781233799896317,-184.0
17.786993836760555,-183.0
17.79275387362479,-184.0
17.798513910489024,-189.0
17.804273947353263,-181.0
17.810033984217498,-169.0
17.815794021081732,-154.0
17.82155405794597,-138.0
17.827314094810205,-129.0
17.83307413167444,-125.0
17.83883416853868,-131.0
17.844594205402913,-139.0
17.850354242267148,-149.0
17.856114279131386,-159.0
17.86187431599562,-164.0
17.867634352859856,-155.0
17.873394389724094,-117.0
17.87915442658833,-40.0
17.884914463452564,92.0
17.890674500316802,197.0
17.896434537181037,227.0
17.90219457404527,206.0
17.90795461090951,155.0
17.913714647773745,124.0
17.91947468463798,112.0
17.925234721502218,76.0
17.930994758366452,-12.0
17.936754795230687,-126.0
17.942514832094925,-221.0
17.94827486895916,-216.0
17.954034905823395,-135.0
17.959794942687633,-44.0
17.965554979551868,24.0
17.971315016416103,90.0
17.97707505328034,163.0
17.982835090144576,229.0
17.98859512700881,279.0
17.99435516387305,296.0
18.000115200737284,316.0
18.00587523760152,336.0
18.011635274465757,344.0
18.01739531132999,340.0
18.023155348194226,325.0
18.028915385058465,308.0
18.0346754219227,292.0
18.040435458786934,285.0
18.04619549565117,281.0
18.051955532515407,281.0
18.057715569379642,338.0
18.063475606243877,386.0
18.069235643108115,442.0
18.07499567997235,393.0
18.080755716836585,303.0
18.086515753700823,224.0
18.092275790565058,172.0
18.098035827429293,128.0
18.10379586429353,80.0
18.109555901157766,39.0
18.115315938022,13.0
18.12107597488624,3.0
18.126836011750473,-1.0
18.132596048614708,6.0
18.138356085478947,22.0
18.14411612234318,28.0
18.149876159207416,31.0
18.155636196071654,29.0
18.16139623293589,32.0
18.167156269800124,38.0
18.172916306664362,43.0
18.178676343528597,43.0
18.18443638039283,42.0
18.19019641725707,31.0
18.195956454121305,17.0
18.20171649098554,-1.0
18.207476527849778,-12.0
18.213236564714013,-18.0
18.218996601578247,-28.0
18.224756638442486,-27.0
18.23051667530672,-30.0
18.236276712170955,-34.0
18.242036749035194,-39.0
18.24779678589943,-51.0
18.253556822763663,-66.0
18.2593168596279,-89.0
18.265076896492136,-105.0
18.27083693335637,-123.0
18.27659697022061,-144.0
18.282357007084844,-156.0
18.28811704394908,-164.0
18.293877080813317,-172.0
18.299637117677552,-186.0
18.305397154541787,-191.0
18.311157191406025,-200.0
18.31691722827026,-198.0
18.322677265134494,-197.0
18.328437301998733,-192.0
18.334197338862968,-191.0
18.339957375727202,-192.0
18.34571741259144,-192.0
18.351477449455675,-191.0
18.35723748631991,-188.0
18.36299752318415,-186.0
18.368757560048383,-183.0
18.374517596912618,-180.0
18.380277633776856,-170.0
18.38603767064109,-156.0
18.391797707505326,-143.0
18.397557744369564,-138.0
18.4033177812338,-136.0
18.409077818098034,-133.0
18.414837854962272,-136.0
18.420597891826507,-137.0
18.42635792869074,-138.0
18.43211796555498,-141.0
18.437878002419215,-150.0
18.44363803928345,-161.0
18.449398076147684,-167.0
18.455158113011922,-181.0
18.460918149876157,-180.0
18.466678186740392,-170.0
18.47243822360463,-155.0
18.478198260468865,-143.0
18.4839582973331,-136.0
18.489718334197338,-131.0
18.495478371061573,-116.0
18.501238407925808,-104.0
18.506998444790046,-93.0
18.51275848165428,-82.0
18.518518518518515,-68.0
18.524278555382754,-49.0
18.53003859224699,-40.0
18.535798629111223,-42.0
18.54155866597546,-44.0
18.547318702839696,-43.0
18.55307873970393,-38.0
18.55883877656817,-37.0
18.564598813432404,-29.0
18.57035885029664,-34.0
18.576118887160877,-41.0
18.581878924025112,-50.0
18.587638960889347,-56.0
18.593398997753585,-62.0
18.59915903461782,-62.0
18.604919071482055,-60.0
18.610679108346293,-53.0
18.616439145210528,-48.0
18.622199182074763,-42.0
18.627959218939,-31.0
18.633719255803236,112.0
18.63947929266747,290.0
18.64523932953171,473.0
18.650999366395943,546.0
18.65675940326018,508.0
18.662519440124417,478.0
18.66827947698865,479.0
18.674039513852886,461.0
18.679799550717124,398.0
18.68555958758136,296.0
18.691319624445594,188.0
18.697079661309832,137.0
18.702839698174067,141.0
18.7085997350383,192.0
18.71435977190254,245.0
18.720119808766775,293.0
18.72587984563101,333.0
18.731639882495248,356.0
18.737399919359483,381.0
18.743159956223717,424.0
18.748919993087956,463.0
18.75468002995219,478.0
18.760440066816425,476.0
18.766200103680664,477.0
18.7719601405449,493.0
18.777720177409133,516.0
18.78348021427337,529.0
18.789240251137606,550.0
18.79500028800184,535.0
18.80076032486608,525.0
18.806520361730314,498.0
18.81228039859455,452.0
18.818040435458787,408.0
18.823800472323022,352.0
18.829560509187257,313.0
18.835320546051495,270.0
18.84108058291573,233.0
18.846840619779964,198.0
18.852600656644203,161.0
18.858360693508438,131.0
18.864120730372672,117.0
18.869880767236907,131.0
18.875640804101145,253.0
18.88140084096538,335.0
18.887160877829615,426.0
18.892920914693853,391.0
18.898680951558088,295.0
18.904440988422323,216.0
18.91020102528656,145.0
18.915961062150796,91.0
18.92172109901503,42.0
18.92748113587927,6.0
18.933241172743504,-10.0
18.93900120960774,-27.0
18.944761246471977,-36.0
18.95052128333621,-45.0
18.956281320200446,-45.0
18.962041357064685,-44.0
18.96780139392892,-31.0
18.973561430793154,-22.0
18.979321467657392,-21.0
18.985081504521627,-26.0
18.990841541385862,-36.0
18.9966015782501,-46.0
19.002361615114335,-47.0
19.00812165197857,-53.0
19.013881688842808,-64.0
19.019641725707043,-80.0
19.025401762571278,-94.0
19.031161799435516,-107.0
19.03692183629975,-121.0
19.042681873163986,-132.0
19.048441910028224,-139.0
19.05420194689246,-152.0
19.059961983756693,-164.0
19.06572202062093,-179.0
19.071482057485166,-197.0
19.0772420943494,-217.0
19.08300213121364,-235.0
19.088762168077874,-249.0
19.09452220494211,-261.0
19.100282241806347,-264.0
19.106042278670582,-266.0
19.111802315534817,-279.0
19.117562352399055,-287.0
19.12332238926329,-278.0
19.129082426127525,-133.0
19.134842462991763,36.0
19.140602499855998,184.0
19.146362536720233,195.0
19.15212257358447,87.0
19.157882610448706,-43.0
19.16364264731294,-132.0
19.16940268417718,-154.0
19.175162721041414,-153.0
19.18092275790565,-138.0
19.186682794769887,-133.0
19.19244283163412,-124.0
19.198202868498356,-102.0
19.203962905362594,-71.0
19.20972294222683,-42.0
19.215482979091064,-7.0
19.221243015955302,73.0
19.227003052819537,162.0
19.232763089683772,231.0
19.23852312654801,249.0
19.244283163412245,231.0
19.25004320027648,197.0
19.255803237140718,160.0
19.261563274004953,105.0
19.267323310869187,67.0
19.273083347733422,46.0
19.27884338459766,49.0
19.284603421461895,56.0
19.29036345832613,47.0
19.29612349519037,35.0
19.301883532054603,38.0
19.307643568918838,53.0
19.313403605783076,65.0
19.31916364264731,64.0
19.324923679511546,55.0
19.330683716375784,42.0
19.33644375324002,25.0
19.342203790104254,5.0
19.347963826968492,-11.0
19.353723863832727,-38.0
19.35948390069696,-65.0
19.3652439375612,-102.0
19.371003974425435,-146.0
19.37676401128967,-191.0
19.382524048153908,-226.0
19.388284085018142,-231.0
19.394044121882377,-222.0
19.399804158746615,-205.0
19.40556419561085,-189.0
19.411324232475085,-192.0
19.417084269339323,-202.0
19.422844306203558,-213.0
19.428604343067793,-216.0
19.43436437993203,-220.0
19.440124416796266,-217.0
19.4458844536605,-209.0
19.45164449052474,-202.0
19.457404527388974,-198.0
19.46316456425321,-204.0
19.468924601117447,-206.0
19.47468463798168,-212.0
19.480444674845916,-211.0
19.486204711710155,-218.0
19.49196474857439,-234.0
19.497724785438624,-255.0
19.503484822302863,-275.0
19.509244859167097,-283.0
19.515004896031332,-286.0
19.52076493289557,-277.0
19.526524969759805,-271.0
19.53228500662404,-277.0
19.538045043488278,-294.0
19.543805080352513,-299.0
19.549565117216748,-284.0
19.555325154080986,-258.0
19.56108519094522,-231.0
19.566845227809456,-212.0
19.572605264673694,-198.0
19.57836530153793,-195.0
19.584125338402163,-180.0
19.5898853752664,-171.0
19.595645412130636,-162.0
19.60140544899487,-154.0
19.60716548585911,-146.0
19.612925522723344,-144.0
19.61868555958758,-145.0
19.624445596451817,-148.0
19.630205633316052,-155.0
19.635965670180287,-158.0
19.641725707044525,-159.0
19.64748574390876,-156.0
19.653245780772995,-153.0
19.659005817637233,-154.0
19.664765854501468,-146.0
19.670525891365703,-129.0
19.676285928229937,-109.0
19.682045965094176,-90.0
19.68780600195841,-85.0
19.693566038822645,-88.0
19.699326075686884,-92.0
19.70508611255112,-89.0
19.710846149415353,-77.0
19.71660618627959,-68.0
19.722366223143826,-62.0
19.72812626000806,-54.0
19.7338862968723,-55.0
19.739646333736534,-55.0
19.74540637060077,-56.0
19.751166407465007,-62.0
19.756926444329242,-63.0
19.762686481193477,-61.0
19.768446518057715,-56.0
19.77420655492195,-54.0
19.779966591786184,-60.0
19.785726628650423,-62.0
19.791486665514658,-62.0
19.797246702378892,-57.0
19.80300673924313,-45.0
19.808766776107365,-32.0
19.8145268129716,-27.0
19.82028684983584,-22.0
19.826046886700073,-22.0
19.831806923564308,-26.0
19.837566960428546,-34.0
19.84332699729278,-39.0
19.849087034157016,-29.0
19.854847071021254,-6.0
19.86060710788549,162.0
19.866367144749724,337.0
19.872127181613962,517.0
19.877887218478197,558.0
19.88364725534243,511.0
19.88940729220667,455.0
19.895167329070905,432.0
19.90092736593514,388.0
19.906687402799378,315.0
19.912447439663612,206.0
19.918207476527847,111.0
19.923967513392085,89.0
19.92972755025632,132.0
19.935487587120555,204.0
19.941247623984793,260.0
19.947007660849028,312.0
19.952767697713263,363.0
19.9585277345775,408.0
19.964287771441736,440.0
19.97004780830597,454.0
19.97580784517021,453.0
19.981567882034444,459.0
19.98732791889868,485.0
19.993087955762917,523.0
19.99884799262715,549.0
20.004608029491386,586.0
20.010368066355625,579.0
20.01612810321986,556.0
20.021888140084094,508.0
20.027648176948333,452.0
20.033408213812567,413.0
20.039168250676802,374.0
20.04492828754104,330.0
20.050688324405275,286.0
20.05644836126951,242.0
20.06220839813375,205.0
20.067968434997983,244.0
20.073728471862218,313.0
20.079488508726453,375.0
20.08524854559069,397.0
20.091008582454926,347.0
20.09676861931916,290.0
20.1025286561834,250.0
20.108288693047633,204.0
20.114048729911868,168.0
20.119808766776107,137.0
20.12556880364034,104.0
20.131328840504576,80.0
20.137088877368814,71.0
20.14284891423305,79.0
20.148608951097284,99.0
20.154368987961522,104.0
20.160129024825757,106.0
20.16588906168999,104.0
20.17164909855423,99.0
20.177409135418465,86.0
20.1831691722827,68.0
20.188929209146938,48.0
20.194689246011173,23.0
20.200449282875407,-2.0
20.206209319739646,-31.0
20.21196935660388,-56.0
20.217729393468115,-83.0
20.223489430332354,-101.0
20.22924946719659,-116.0
20.235009504060823,-129.0
20.24076954092506,-140.0
20.246529577789296,-146.0
20.25228961465353,-143.0
20.25804965151777,-135.0
20.263809688382004,-126.0
20.26956972524624,-121.0
20.275329762110477,-124.0
20.281089798974712,-130.0
20.286849835838947,-139.0
20.292609872703185,-148.0
20.29836990956742,-162.0
20.304129946431654,-172.0
20.309889983295893,-190.0
20.315650020160128,-212.0
20.321410057024362,-234.0
20.3271700938886,-186.0
20.332930130752835,-38.0
20.33869016761707,115.0
20.34445020448131,209.0
20.350210241345543,161.0
20.355970278209778,42.0
20.361730315074016,-63.0
20.36749035193825,-128.0
20.373250388802486,-143.0
20.379010425666724,-149.0
20.38477046253096,-128.0
20.390530499395194,-131.0
20.396290536259432,-120.0
20.402050573123667,-99.0
20.4078106099879,-73.0
20.41357064685214,-59.0
20.419330683716375,6.0
20.42509072058061,118.0
20.430850757444848,230.0
20.436610794309082,306.0
20.442370831173317,311.0
20.448130868037556,282.0
20.45389090490179,237.0
20.459650941766025,181.0
20.465410978630263,127.0
20.471171015494498,95.0
20.476931052358733,81.0
20.482691089222968,71.0
20.488451126087206,68.0
20.49421116295144,58.0
20.499971199815676,59.0
20.505731236679914,59.0
20.51149127354415,51.0
20.517251310408383,40.0
20.52301134727262,32.0
20.528771384136856,29.0
20.53453142100109,25.0
20.54029145786533,22.0
20.546051494729564,16.0
20.5518115315938,12.0
20.557571568458037,0.0
20.563331605322272,-18.0
20.569091642186507,-36.0
20.574851679050745,-62.0
20.58061171591498,-86.0
20.586371752779215,-107.0
20.592131789643453,-123.0
20.597891826507688,-140.0
20.603651863371923,-158.0
20.60941190023616,-178.0
20.615171937100396,-209.0
20.62093197396463,-232.0
20.62669201082887,-253.0
20.632452047693103,-260.0
20.63821208455734,-266.0
20.643972121421577,-262.0
20.64973215828581,-260.0
20.655492195150046,-265.0
20.661252232014284,-268.0
20.66701226887852,-266.0
20.672772305742754,-251.0
20.678532342606992,-231.0
20.684292379471227,-205.0
20.69005241633546,-187.0
20.6958124531997,-175.0
20.701572490063935,-170.0
20.70733252692817,-170.0
20.713092563792408,-176.0
20.718852600656643,-185.0
20.724612637520877,-191.0
20.730372674385116,-197.0
20.73613271124935,-202.0
20.741892748113585,-202.0
20.747652784977824,-196.0
20.75341282184206,-188.0
20.759172858706293,-179.0
20.76493289557053,-166.0
20.770692932434766,-151.0
20.776452969299,-145.0
20.78221300616324,-141.0
20.787973043027474,-147.0
20.79373307989171,-155.0
20.799493116755947,-162.0
20.805253153620182,-165.0
20.811013190484417,-157.0
20.816773227348655,-146.0
20.82253326421289,-130.0
20.828293301077125,-111.0
20.834053337941363,-96.0
20.839813374805598,-84.0
20.845573411669832,-76.0
20.85133344853407,-72.0
20.857093485398305,-81.0
20.86285352226254,-88.0
20.86861355912678,-98.0
20.874373595991013,-103.0
20.880133632855248,-104.0
20.885893669719483,-99.0
20.89165370658372,-99.0
20.897413743447956,-102.0
20.90317378031219,-103.0
20.90893381717643,-93.0
20.914693854040664,-83.0
20.9204538909049,-67.0
20.926213927769137,-53.0
20.93197396463337,-46.0
20.937734001497606,-44.0
20.943494038361845,-45.0
20.94925407522608,-45.0
20.955014112090314,-36.0
20.960774148954552,-21.0
20.966534185818787,-7.0
20.972294222683022,5.0
20.97805425954726,-1.0
20.983814296411495,-7.0
20.98957433327573,-14.0
20.995334370139968,51.0
21.001094407004203,220.0
21.006854443868438,355.0
21.012614480732676,428.0
21.01837451759691,376.0
21.024134554461146,317.0
21.029894591325384,297.0
21.03565462818962,292.0
21.041414665053853,267.0
21.04717470191809,211.0
21.052934738782326,122.0
21.05869477564656,54.0
21.0644548125108,65.0
21.070214849375034,116.0
21.07597488623927,185.0
21.081734923103507,227.0
21.087494959967742,267.0
21.093254996831977,314.0
21.099015033696215,371.0
21.10477507056045,440.0
21.110535107424685,488.0
21.116295144288923,517.0
21.122055181153158,509.0
21.127815218017393,487.0
21.13357525488163,456.0
21.139335291745866,418.0
21.1450953286101,388.0
21.15085536547434,347.0
21.156615402338574,302.0
21.16237543920281,319.0
21.168135476067047,396.0
21.17389551293128,449.0
21.179655549795516,490.0
21.185415586659754,438.0
21.19117562352399,392.0
21.196935660388224,342.0
21.202695697252462,280.0
21.208455734116697,230.0
21.214215770980932,194.0
21.21997580784517,164.0
21.225735844709405,150.0
21.23149588157364,169.0
21.237255918437878,269.0
21.243015955302113,347.0
21.248775992166347,399.0
21.254536029030586,347.0
21.26029606589482,276.0
21.266056102759055,208.0
21.271816139623294,170.0
21.27757617648753,134.0
21.283336213351763,105.0
21.289096250215998,87.0
21.294856287080236,52.0
21.30061632394447,28.0
21.306376360808706,14.0
21.312136397672944,20.0
21.31789643453718,32.0
21.323656471401414,40.0
21.329416508265652,40.0
21.335176545129887,29.0
21.34093658199412,25.0
21.34669661885836,26.0
21.352456655722595,26.0
21.35821669258683,18.0
21.363976729451068,16.0
21.369736766315302,10.0
21.375496803179537,6.0
21.381256840043775,6.0
21.38701687690801,-1.0
21.392776913772245,-9.0
21.398536950636483,-20.0
21.404296987500718,-36.0
21.410057024364953,-57.0
21.41581706122919,-83.0
21.421577098093426,-112.0
21.42733713495766,-136.0
21.4330971718219,-158.0
21.438857208686134,-180.0
21.44461724555037,-190.0
21.450377282414607,-198.0
21.45613731927884,-209.0
21.461897356143076,-223.0
21.467657393007315,-233.0
21.47341742987155,-239.0
21.479177466735784,-237.0
21.484937503600023,-223.0
21.490697540464257,-206.0
21.496457577328492,-197.0
21.50221761419273,-191.0
21.507977651056965,-186.0
21.5137376879212,-186.0
21.519497724785438,-180.0
21.525257761649673,-179.0
21.531017798513908,-182.0
21.536777835378146,-182.0
21.54253787224238,-181.0
21.548297909106616,-169.0
21.554057945970854,-166.0
21.55981798283509,-163.0
21.565578019699323,-163.0
21.57133805656356,-167.0
21.577098093427796,-180.0
21.58285813029203,-194.0
21.58861816715627,-197.0
21.594378204020504,-199.0
21.60013824088474,-196.0
21.605898277748977,-196.0
21.611658314613212,-194.0
21.617418351477447,-188.0
21.623178388341685,-174.0
21.62893842520592,-151.0
21.634698462070155,-133.0
21.640458498934393,-115.0
21.646218535798628,-103.0
21.651978572662863,-94.0
21.6577386095271,-92.0
21.663498646391336,-92.0
21.66925868325557,-101.0
21.67501872011981,-109.0
21.680778756984044,-115.0
21.68653879384828,-113.0
21.692298830712513,-110.0
21.69805886757675,-110.0
21.703818904440986,-106.0
21.70957894130522,-97.0
21.71533897816946,-102.0
21.721099015033694,-105.0
21.72685905189793,-113.0
21.732619088762167,-115.0
21.738379125626402,-117.0
21.744139162490637,-114.0
21.749899199354875,-109.0
21.75565923621911,-99.0
21.761419273083344,-86.0
21.767179309947583,-75.0
21.772939346811818,-60.0
21.778699383676052,-50.0
21.78445942054029,-37.0
21.790219457404525,-32.0
21.79597949426876,-31.0
21.801739531133,-30.0
21.807499567997233,-32.0
21.813259604861468,-36.0
21.819019641725706,-41.0
21.82477967858994,-44.0
21.830539715454176,-56.0
21.836299752318414,-62.0
21.84205978918265,-27.0
21.847819826046884,147.0
21.853579862911122,263.0
21.859339899775357,365.0
21.86509993663959,328.0
21.87085997350383,264.0
21.876620010368065,225.0
21.8823800472323,219.0
21.888140084096538,193.0
21.893900120960772,154.0
21.899660157825007,71.0
21.905420194689246,18.0
21.91118023155348,24.0
21.916940268417715,82.0
21.922700305281953,153.0
21.928460342146188,210.0
21.934220379010423,244.0
21.93998041587466,278.0
21.945740452738896,319.0
21.95150048960313,369.0
21.95726052646737,415.0
21.963020563331604,449.0
21.96878060019584,466.0
21.974540637060077,452.0
21.98030067392431,426.0
21.986060710788546,390.0
21.991820747652785,353.0
21.99758078451702,297.0
22.003340821381254,251.0
22.009100858245493,277.0
22.014860895109727,336.0
22.020620931973962,399.0
22.0263809688382,425.0
22.032141005702435,384.0
22.03790104256667,350.0
22.04366107943091,312.0
22.049421116295143,264.0
22.055181153159378,237.0
22.060941190023616,222.0
22.06670122688785,208.0
22.072461263752086,187.0
22.078221300616324,156.0
22.08398133748056,179.0
22.089741374344793,270.0
22.09550141120903,331.0
22.101261448073267,361.0
22.1070214849375,317.0
22.112781521801736,260.0
22.118541558665974,213.0
22.12430159553021,170.0
22.130061632394444,130.0
22.135821669258682,101.0
22.141581706122917,75.0
22.14734174298715,48.0
22.15310177985139,32.0
22.158861816715625,19.0
22.16462185357986,22.0
22.170381890444098,19.0
22.176141927308333,16.0
22.181901964172567,26.0
22.187662001036806,33.0
22.19342203790104,45.0
22.199182074765275,46.0
22.204942111629514,41.0
22.21070214849375,27.0
22.216462185357983,7.0
22.22222222222222,-13.0
22.227982259086456,-28.0
22.23374229595069,-48.0
22.23950233281493,-68.0
22.245262369679164,-93.0
22.2510224065434,-123.0
22.256782443407637,-150.0
22.262542480271872,-174.0
22.268302517136107,-186.0
22.274062554000345,-198.0
22.27982259086458,-206.0
22.285582627728814,-208.0
22.291342664593053,-211.0
22.297102701457288,-215.0
22.302862738321522,-218.0
22.30862277518576,-216.0
22.314382812049995,-212.0
22.32014284891423,-203.0
22.32590288577847,-195.0
22.331662922642703,-192.0
22.337422959506938,-197.0
22.343182996371176,-202.0
22.34894303323541,-210.0
22.354703070099646,-219.0
22.360463106963884,-220.0
22.36622314382812,-213.0
22.371983180692354,-206.0
22.377743217556592,-204.0
22.383503254420827,-207.0
22.38926329128506,-206.0
22.3950233281493,-210.0
22.400783365013535,-209.0
22.40654340187777,-207.0
22.412303438742008,-206.0
22.418063475606242,-205.0
22.423823512470477,-200.0
22.429583549334716,-198.0
22.43534358619895,-201.0
22.441103623063185,-208.0
22.446863659927423,-213.0
22.452623696791658,-205.0
22.458383733655893,-197.0
22.46414377052013,-176.0
22.469903807384366,-158.0
22.4756638442486,-144.0
22.48142388111284,-137.0
22.487183917977074,-138.0
22.49294395484131,-136.0
22.498703991705547,-148.0
22.50446402856978,-152.0
22.510224065434016,-163.0
22.51598410229825,-174.0
22.52174413916249,-186.0
22.527504176026724,-194.0
22.53326421289096,-194.0
22.539024249755197,-195.0
22.544784286619432,-178.0
22.550544323483667,-172.0
22.556304360347905,-168.0
22.56206439721214,-169.0
22.567824434076375,-162.0
22.573584470940613,-155.0
22.579344507804848,-154.0
22.585104544669083,-139.0
22.59086458153332,-64.0
22.596624618397556,-19.0
22.60238465526179,40.0
22.60814469212603,30.0
22.613904728990263,21.0
22.6196647658545,30.0
22.625424802718737,23.0
22.63118483958297,-4.0
22.636944876447206,-83.0
22.642704913311444,-170.0
22.64846495017568,-226.0
22.654224987039914,-226.0
22.659985023904152,-183.0
22.665745060768387,-126.0
22.671505097632622,-83.0
22.67726513449686,-66.0
22.683025171361095,-66.0
22.68878520822533,-69.0
22.694545245089568,-76.0
22.700305281953803,-43.0
22.706065318818037,15.0
22.711825355682276,87.0
22.71758539254651,125.0
22.723345429410745,144.0
22.729105466274984,144.0
22.73486550313922,148.0
22.740625540003453,140.0
22.74638557686769,140.0
22.752145613731926,156.0
22.75790565059616,171.0
22.7636656874604,191.0
22.769425724324634,185.0
22.77518576118887,173.0
22.780945798053107,152.0
22.786705834917342,114.0
22.792465871781577,72.0
22.798225908645815,39.0
22.80398594551005,35.0
22.809745982374285,44.0
22.815506019238523,61.0
22.821266056102758,74.0
22.827026092966992,86.0
22.83278612983123,90.0
22.838546166695465,77.0
22.8443062035597,65.0
22.85006624042394,50.0
22.855826277288173,41.0
22.861586314152408,37.0
22.867346351016646,44.0
22.87310638788088,46.0
22.878866424745116,44.0
22.884626461609354,36.0
22.89038649847359,26.0
22.896146535337824,16.0
22.901906572202062,11.0
22.907666609066297,7.0
22.91342664593053,1.0
22.919186682794766,-10.0
22.924946719659005,-19.0
22.93070675652324,-34.0
22.936466793387474,-46.0
22.942226830251712,-59.0
22.947986867115947,-67.0
22.953746903980182,-72.0
22.95950694084442,-82.0
22.965266977708655,-88.0
22.97102701457289,-96.0
22.976787051437128,-98.0
22.982547088301363,-94.0
22.988307125165598,-77.0
22.994067162029836,-70.0
22.99982719889407,-57.0
23.005587235758306,-49.0
23.011347272622544,-40.0
23.01710730948678,-40.0
23.022867346351013,-43.0
23.02862738321525,-46.0
23.034387420079486,-56.0
23.04014745694372,-62.0
23.04590749380796,-67.0
23.051667530672194,-71.0
23.05742756753643,-77.0
23.063187604400667,-86.0
23.068947641264902,-91.0
23.074707678129137,-96.0
23.080467714993375,-90.0
23.08622775185761,-82.0
23.091987788721845,-83.0
23.097747825586083,-95.0
23.103507862450318,-112.0
23.109267899314553,-115.0
23.11502793617879,-110.0
23.120787973043026,-90.0
23.12654800990726,-66.0
23.1323080467715,-35.0
23.138068083635734,-3.0
23.14382812049997,28.0
23.149588157364207,48.0
23.15534819422844,59.0
23.161108231092676,58.0
23.166868267956914,61.0
23.17262830482115,60.0
23.178388341685384,62.0
23.184148378549622,65.0
23.189908415413857,62.0
23.195668452278092,55.0
23.20142848914233,44.0
23.207188526006565,39.0
23.2129485628708,32.0
23.218708599735038,30.0
23.224468636599273,32.0
23.230228673463508,34.0
23.235988710327746,34.0
23.24174874719198,35.0
23.247508784056215,35.0
23.253268820920454,31.0
23.25902885778469,25.0
23.264788894648923,29.0
23.27054893151316,35.0
23.276308968377396,50.0
23.28206900524163,61.0
23.28782904210587,75.0
23.293589078970104,87.0
23.29934911583434,95.0
23.305109152698577,101.0
23.310869189562812,100.0
23.316629226427047,92.0
23.32238926329128,83.0
23.32814930015552,77.0
23.333909337019755,72.0
23.33966937388399,66.0
23.345429410748228,68.0
23.351189447612462,64.0
23.356949484476697,59.0
23.362709521340935,53.0
23.36846955820517,55.0
23.374229595069405,61.0
23.379989631933643,151.0
23.385749668797878,131.0
23.391509705662113,135.0
23.39726974252635,33.0
23.403029779390586,-38.0
23.40878981625482,-29.0
23.41454985311906,13.0
23.420309889983294,4.0
23.42606992684753,-51.0
23.431829963711767,-173.0
23.437590000576,-275.0
23.443350037440236,-300.0
23.449110074304475,-245.0
23.45487011116871,-164.0
23.460630148032944,-85.0
23.466390184897183,-19.0
23.472150221761417,35.0
23.477910258625652,80.0
23.48367029548989,78.0
23.489430332354125,97.0
23.49519036921836,104.0
23.500950406082598,148.0
23.506710442946833,204.0
23.512470479811068,251.0
23.518230516675306,268.0
23.52399055353954,261.0
23.529750590403776,221.0
23.535510627268014,108.0
23.54127066413225,38.0
23.547030700996483,38.0
23.55279073786072,96.0
23.558550774724957,237.0
23.56431081158919,314.0
23.57007084845343,360.0
23.575830885317664,365.0
23.5815909221819,318.0
23.587350959046137,261.0
23.593110995910372,177.0
